8.0262048	0.0880717	0.0851212
8.0136329	0.0879795	0.0667648
7.9923346	0.0877581	0.0659790
7.9785794	0.0877335	0.0657959
7.9663033	0.0876028	0.0659714
7.9512170	0.0875644	0.0659027
7.9383493	0.0874383	0.0660782
7.9208965	0.0871877	0.0660553
7.9071414	0.0870432	0.0658417
7.8929425	0.0869156	0.0657578
7.8790394	0.0866235	0.0657501
7.8636573	0.0866574	0.0657349
7.8459087	0.0865851	0.0658112
7.8358512	0.0864283	0.0658646
7.8178068	0.0863776	0.0658798
7.8046433	0.0860732	0.0657043
7.7885217	0.0859533	0.0656891
7.7740270	0.0857088	0.0658417
7.7533203	0.0855597	0.0656967
7.7406005	0.0854337	0.0658188
7.7290639	0.0853768	0.0658493
7.7141255	0.0852430	0.0656662
7.7021452	0.0851569	0.0657806
7.6866152	0.0849325	0.0657349
7.6718247	0.0847403	0.0657425
7.6551115	0.0846542	0.0657730
7.6400252	0.0844728	0.0657043
7.6286365	0.0842822	0.0657272
7.6123670	0.0841469	0.0657959
7.5986118	0.0840608	0.0657349
7.5814549	0.0840024	0.0658875
7.5703620	0.0839179	0.0657806
7.5489158	0.0836765	0.0657272
7.5382667	0.0833275	0.0655136
7.5148977	0.0831246	0.0656204
7.5064671	0.0830416	0.0656815
7.4891622	0.0829309	0.0656433
7.4736322	0.0829048	0.0657730
7.4646100	0.0827895	0.0654984
7.4486363	0.0825927	0.0657654
7.4319231	0.0824835	0.0657349
7.4163931	0.0822698	0.0656586
7.4033774	0.0820977	0.0659866
7.3885869	0.0819885	0.0657349
7.3749797	0.0817979	0.0656128
7.3604850	0.0817087	0.0659256
7.3412574	0.0816641	0.0658569
7.3270585	0.0816180	0.0659637
7.3090141	0.0814443	0.0656967
7.2923009	0.0811107	0.0657883
7.2810601	0.0808340	0.0656815
7.2656780	0.0807710	0.0657120
7.2547330	0.0806018	0.0659256
7.2403863	0.0805988	0.0657959
7.2182006	0.0804712	0.0659866
7.2119885	0.0805019	0.0656815
7.1921693	0.0802068	0.0658722
7.1770830	0.0799162	0.0659866
7.1624404	0.0798547	0.0656128
7.1466146	0.0795780	0.0658340
7.1301972	0.0794934	0.0658646
7.1188085	0.0794796	0.0658493
7.1026869	0.0793505	0.0663071
7.0841988	0.0792567	0.0660934
7.0714789	0.0792536	0.0659332
7.0563926	0.0789615	0.0658646
7.0407147	0.0786925	0.0658569
7.0266638	0.0785741	0.0657501
7.0174937	0.0784680	0.0657654
6.9966391	0.0784342	0.0660629
6.9833276	0.0782528	0.0662460
6.9697204	0.0782390	0.0659256
6.9577401	0.0781006	0.0659561
6.9392520	0.0778762	0.0660172
6.9240178	0.0777424	0.0660477
6.9080441	0.0775180	0.0660553
6.8942889	0.0773581	0.0659027
6.8786110	0.0772151	0.0659485
6.8623415	0.0771844	0.0661545
6.8440013	0.0772028	0.0663147
6.8330563	0.0769292	0.0662842
6.8154556	0.0768492	0.0661621
6.8037712	0.0766325	0.0662308
6.7846914	0.0764957	0.0661697
6.7721195	0.0763219	0.0661316
6.7605829	0.0761006	0.0661392
6.7471236	0.0759053	0.0661240
6.7280439	0.0758853	0.0662918
6.7126618	0.0758730	0.0663681
6.6994982	0.0757439	0.0663300
6.6860389	0.0755979	0.0662079
6.6694735	0.0753857	0.0660782
6.6508375	0.0751951	0.0664291
6.6394489	0.0751474	0.0663681
6.6222919	0.0751044	0.0660858
6.6085367	0.0748446	0.0664444
6.5931546	0.0748384	0.0664368
6.5779204	0.0745617	0.0663605
6.5635737	0.0743004	0.0663910
6.5510018	0.0741220	0.0664978
6.5339927	0.0739698	0.0664520
6.5187585	0.0739253	0.0665054
6.5067782	0.0738837	0.0665283
6.4921356	0.0737561	0.0665741
6.4777889	0.0735917	0.0664215
6.4604840	0.0735132	0.0665970
6.4458414	0.0732550	0.0666122
6.4311988	0.0730275	0.0666122
6.4122670	0.0729198	0.0664444
6.3977723	0.0727799	0.0665894
6.3813549	0.0725478	0.0664978
6.3689309	0.0725755	0.0666199
6.3553236	0.0724863	0.0667191
6.3387583	0.0723864	0.0667648
6.3278133	0.0724079	0.0666962
6.3113959	0.0720989	0.0666656
6.2952743	0.0718529	0.0668259
6.2829982	0.0716961	0.0666504
6.2603687	0.0714901	0.0666046
6.2529735	0.0714917	0.0667953
6.2375914	0.0713718	0.0668945
6.2188075	0.0713210	0.0666580
6.2059397	0.0712103	0.0669479
6.1929241	0.0710889	0.0668488
6.1751755	0.0708260	0.0671921
6.1620120	0.0705770	0.0667801
6.1423406	0.0705032	0.0670547
6.1244442	0.0702449	0.0669785
6.1155699	0.0702341	0.0669785
6.1007794	0.0701634	0.0669327
6.0845099	0.0700251	0.0670547
6.0680924	0.0699467	0.0671921
6.0589223	0.0697530	0.0671387
6.0399905	0.0695408	0.0670547
6.0250521	0.0695331	0.0673370
6.0139592	0.0691688	0.0672836
5.9975418	0.0692195	0.0672607
5.9799411	0.0690827	0.0674133
5.9621925	0.0690289	0.0677795
5.9482895	0.0688813	0.0675888
5.9380840	0.0686907	0.0677338
5.9201876	0.0684093	0.0676270
5.9037701	0.0682986	0.0677795
5.8901629	0.0681926	0.0676346
5.8761119	0.0680696	0.0677185
5.8613214	0.0681142	0.0677948
5.8454956	0.0679820	0.0679245
5.8305572	0.0678467	0.0679245
5.8187248	0.0676207	0.0681686
5.8020116	0.0674946	0.0680618
5.7860379	0.0673962	0.0679703
5.7771636	0.0672410	0.0680161
5.7579359	0.0670257	0.0683594
5.7398915	0.0671918	0.0685043
5.7252490	0.0669397	0.0686188
5.7079441	0.0668059	0.0685806
5.6984782	0.0666153	0.0686188
5.6810254	0.0663970	0.0686340
5.6669745	0.0662448	0.0688705
5.6498175	0.0660142	0.0689774
5.6416827	0.0660265	0.0688019
5.6226030	0.0658681	0.0691833
5.6072209	0.0658466	0.0694275
5.5933178	0.0657344	0.0695038
5.5773441	0.0657006	0.0695953
5.5644764	0.0654300	0.0696030
5.5470236	0.0652040	0.0696487
5.5322331	0.0651302	0.0697632
5.5138929	0.0650949	0.0697784
5.4977713	0.0649350	0.0699005
5.4831287	0.0647951	0.0702667
5.4684861	0.0646736	0.0702591
5.4587244	0.0646106	0.0704651
5.4424549	0.0644461	0.0705109
5.4279602	0.0641848	0.0704041
5.4127260	0.0640111	0.0709000
5.3939421	0.0638758	0.0709763
5.3855115	0.0638174	0.0711365
5.3685025	0.0638343	0.0711670
5.3526766	0.0637605	0.0715561
5.3404005	0.0636067	0.0718613
5.3236873	0.0634053	0.0717545
5.3053471	0.0630533	0.0719070
5.2883380	0.0630625	0.0721588
5.2754703	0.0628073	0.0722275
5.2592008	0.0629549	0.0723724
5.2467768	0.0627658	0.0727539
5.2303593	0.0627305	0.0728455
5.2185269	0.0626121	0.0735016
5.2047718	0.0622585	0.0733032
5.1885023	0.0622016	0.0733871
5.1775573	0.0619418	0.0734177
5.1553716	0.0618634	0.0739670
5.1463494	0.0618127	0.0741501
5.1299319	0.0618281	0.0742264
5.1155852	0.0617343	0.0746155
5.1013863	0.0616497	0.0750809
5.0826024	0.0613884	0.0750656
5.0669245	0.0612362	0.0753326
5.0534651	0.0610855	0.0755463
5.0376393	0.0608150	0.0757446
5.0194470	0.0607396	0.0761337
5.0062835	0.0607612	0.0764160
4.9909014	0.0606705	0.0769806
4.9783295	0.0605874	0.0769119
4.9651659	0.0604614	0.0771866
4.9502275	0.0602031	0.0772095
4.9305562	0.0599910	0.0777817
4.9176885	0.0600125	0.0778122
4.9011231	0.0597988	0.0783691
4.8909177	0.0598541	0.0786362
4.8753877	0.0598034	0.0788574
4.8589702	0.0596558	0.0791855
4.8407779	0.0595175	0.0792847
4.8310162	0.0593514	0.0792770
4.8119365	0.0591962	0.0797424
4.7980334	0.0589871	0.0800018
4.7820597	0.0589225	0.0803146
4.7669734	0.0589871	0.0805130
4.7532183	0.0587611	0.0808640
4.7359134	0.0587196	0.0807724
4.7248205	0.0586781	0.0811005
4.7094384	0.0584137	0.0812836
4.6964228	0.0581800	0.0812073
4.6797096	0.0580954	0.0816040
4.6624047	0.0579217	0.0818634
4.6548615	0.0577757	0.0818634
4.6319363	0.0579002	0.0822067
4.6161105	0.0578218	0.0825348
4.6019116	0.0576281	0.0828323
4.5894876	0.0575758	0.0829620
4.5726264	0.0573637	0.0832138
4.5599066	0.0572069	0.0833206
4.5414185	0.0570070	0.0832748
4.5286987	0.0568394	0.0835800
4.5173100	0.0568748	0.0837021
4.4995614	0.0568318	0.0839767
4.4846231	0.0566919	0.0843887
4.4693889	0.0565058	0.0843735
4.4563732	0.0564105	0.0843277
4.4403995	0.0563429	0.0845490
4.4278276	0.0561538	0.0846405
4.4115581	0.0559401	0.0846024
4.3908514	0.0558279	0.0853119
4.3794627	0.0558771	0.0853195
4.3637848	0.0557818	0.0856247
4.3509171	0.0556695	0.0860519
4.3374577	0.0554943	0.0860291
4.3200050	0.0553006	0.0864639
4.3035875	0.0551761	0.0864487
4.2964881	0.0550208	0.0867310
4.2747461	0.0550023	0.0869293
4.2618783	0.0550039	0.0872498
4.2472358	0.0548671	0.0877075
4.2333327	0.0547287	0.0877914
4.2149925	0.0546195	0.0881805
4.2037517	0.0543859	0.0882416
4.1843762	0.0542598	0.0889893
4.1678109	0.0541630	0.0890808
4.1543515	0.0540338	0.0896530
4.1386736	0.0539693	0.0899887
4.1296514	0.0539385	0.0902557
4.1120507	0.0537694	0.0908966
4.0963728	0.0537187	0.0909424
4.0799554	0.0534835	0.0915604
4.0666439	0.0533559	0.0919037
4.0567343	0.0532775	0.0925140
4.0352881	0.0530853	0.0928497
4.0225683	0.0530838	0.0932922
4.0031928	0.0530592	0.0939484
3.9913604	0.0528901	0.0942612
3.9799717	0.0529500	0.0947418
3.9610399	0.0526671	0.0954590
3.9432913	0.0524611	0.0958328
3.9332338	0.0524504	0.0960999
3.9140061	0.0523689	0.0966568
3.8986240	0.0521491	0.0972214
3.8862000	0.0522213	0.0981674
3.8727407	0.0521106	0.0982819
3.8555837	0.0519646	0.0989990
3.8422723	0.0517601	0.0996094
3.8257069	0.0516510	0.1001205
3.8128392	0.0514711	0.1003342
3.7942032	0.0513251	0.1013260
3.7847373	0.0512989	0.1017685
3.7692073	0.0512851	0.1024017
3.7551563	0.0511898	0.1034241
3.7408095	0.0512113	0.1036224
3.7215819	0.0509607	0.1041718
3.7090100	0.0507639	0.1048660
3.6909656	0.0506164	0.1055603
3.6730691	0.0505011	0.1062164
3.6610888	0.0505410	0.1067505
3.6489606	0.0504688	0.1076355
3.6303246	0.0503273	0.1080856
3.6165695	0.0503704	0.1086655
3.6031101	0.0501936	0.1097565
3.5875801	0.0499645	0.1100235
3.5763394	0.0498277	0.1107788
3.5557806	0.0496847	0.1112823
3.5418775	0.0495679	0.1121368
3.5298972	0.0496340	0.1124496
3.5085989	0.0495725	0.1135101
3.4926252	0.0494111	0.1145630
3.4840467	0.0494388	0.1148682
3.4668898	0.0492620	0.1157761
3.4516556	0.0490667	0.1165314
3.4333154	0.0490129	0.1171036
3.4208913	0.0487132	0.1176224
3.4084673	0.0487516	0.1183624
3.3945643	0.0486839	0.1194687
3.3760762	0.0486102	0.1201782
3.3657228	0.0486363	0.1208725
3.3521156	0.0483811	0.1214218
3.3396916	0.0482581	0.1223221
3.3229783	0.0480198	0.1230774
3.3062651	0.0480813	0.1239319
3.2888123	0.0478999	0.1244888
3.2715074	0.0479322	0.1255569
3.2589355	0.0477785	0.1261902
3.2425181	0.0477400	0.1275177
3.2274318	0.0476816	0.1283112
3.2113102	0.0474157	0.1293488
3.1990341	0.0473342	0.1296844
3.1808418	0.0472158	0.1307678
3.1707842	0.0471482	0.1318970
3.1509650	0.0470513	0.1326981
3.1416470	0.0470605	0.1334152
3.1244900	0.0469437	0.1344147
3.1095516	0.0468269	0.1353378
3.1005294	0.0467146	0.1356277
3.0799707	0.0464579	0.1367645
3.0641448	0.0464717	0.1376495
3.0463963	0.0462519	0.1383591
3.0329369	0.0463872	0.1391220
3.0172590	0.0462826	0.1399231
3.0072015	0.0462534	0.1408997
2.9900445	0.0461228	0.1413345
2.9762894	0.0460213	0.1420059
2.9620905	0.0457138	0.1431961
2.9459689	0.0456416	0.1435928
2.9265933	0.0455678	0.1439590
2.9166837	0.0454556	0.1446838
2.9015974	0.0454094	0.1453705
2.8872506	0.0453495	0.1457596
2.8734955	0.0453264	0.1463318
2.8575218	0.0452342	0.1470490
2.8415480	0.0451004	0.1472473
2.8252785	0.0449360	0.1478348
2.8110796	0.0448591	0.1480865
2.7924436	0.0447330	0.1488113
2.7770615	0.0446515	0.1492615
2.7686309	0.0446992	0.1501465
2.7504387	0.0446254	0.1503448
2.7340212	0.0445147	0.1504288
2.7223367	0.0443425	0.1511383
2.7048840	0.0441796	0.1517639
2.6918683	0.0440966	0.1522675
2.6729365	0.0439075	0.1529465
2.6596251	0.0439428	0.1536102
2.6463136	0.0439259	0.1538239
2.6332980	0.0437660	0.1546478
2.6198387	0.0437953	0.1550446
2.6034212	0.0436292	0.1554871
2.5890745	0.0434863	0.1564102
2.5722133	0.0432480	0.1569977
2.5575707	0.0430466	0.1577682
2.5415970	0.0431773	0.1587219
2.5269544	0.0431711	0.1601105
2.5126076	0.0430543	0.1608200
2.4973734	0.0429820	0.1616745
2.4880554	0.0428144	0.1626740
2.4663134	0.0426284	0.1636505
2.4504876	0.0425946	0.1647415
2.4450151	0.0424378	0.1655579
2.4300767	0.0424440	0.1670914
2.4145467	0.0423855	0.1680679
2.3963544	0.0423948	0.1698303
2.3729855	0.0422948	0.1710434
2.3633716	0.0421472	0.1720963
2.3482854	0.0418690	0.1734619
2.3305368	0.0417475	0.1741180
2.3163379	0.0415953	0.1756897
2.3043576	0.0417568	0.1771164
2.2932647	0.0415877	0.1793213
2.2759599	0.0415784	0.1806335
2.2626484	0.0415969	0.1818848
2.2454915	0.0413109	0.1833572
2.2270034	0.0410727	0.1847458
2.2165021	0.0410850	0.1861496
2.2055572	0.0412018	0.1878433
2.1882523	0.0409066	0.1897354
2.1694684	0.0408328	0.1918030
2.1540863	0.0407206	0.1930389
2.1373730	0.0404670	0.1949997
2.1203640	0.0405530	0.1966400
2.1079400	0.0406084	0.1988449
2.0962555	0.0404316	0.2002029
2.0823524	0.0405177	0.2021027
2.0666745	0.0403009	0.2038345
2.0524756	0.0401948	0.2058029
2.0332480	0.0399366	0.2070160
2.0209719	0.0398428	0.2083969
2.0088437	0.0397552	0.2096558
1.9931658	0.0396860	0.2107925
1.9737903	0.0397475	0.2115250
1.9601830	0.0396568	0.2127686
1.9467237	0.0395999	0.2131577
1.9294188	0.0394477	0.2130432
1.9147762	0.0392371	0.2135849
1.8982109	0.0391910	0.2136917
1.8825330	0.0390434	0.2135162
1.8678904	0.0390926	0.2136765
1.8551706	0.0389850	0.2130737
1.8394927	0.0390910	0.2131271
1.8227794	0.0388128	0.2133636
1.8109470	0.0386714	0.2133865
1.7951212	0.0384900	0.2139053
1.7832888	0.0383885	0.2138443
1.7670193	0.0382624	0.2141266
1.7547432	0.0382286	0.2152557
1.7374383	0.0380887	0.2161713
1.7210209	0.0381026	0.2177429
1.7060825	0.0380518	0.2190857
1.6890734	0.0378843	0.2209473
1.6760578	0.0377013	0.2228699
1.6584571	0.0374892	0.2252960
1.6423355	0.0374369	0.2273483
1.6313905	0.0372662	0.2307129
1.6164521	0.0373416	0.2340469
1.6009221	0.0372816	0.2373276
1.5850963	0.0372217	0.2406540
1.5728202	0.0370756	0.2447739
1.5583255	0.0368266	0.2489014
1.5417602	0.0368158	0.2541351
1.5266739	0.0366252	0.2588043
1.5132146	0.0366513	0.2630157
1.4951702	0.0365714	0.2680206
1.4821545	0.0364361	0.2733536
1.4652934	0.0365237	0.2796326
1.4515382	0.0363562	0.2854691
1.4371915	0.0361932	0.2904205
1.4222531	0.0359349	0.2963486
1.4037650	0.0358365	0.3042908
1.3932637	0.0358504	0.3099976
1.3775858	0.0357689	0.3161087
1.3630911	0.0357397	0.3243027
1.3488923	0.0356890	0.3296738
1.3352850	0.0354153	0.3370438
1.3219736	0.0353630	0.3444672
1.3009711	0.0351140	0.3511734
1.2879555	0.0352170	0.3574371
1.2736087	0.0348957	0.3631973
1.2607410	0.0350556	0.3690948
1.2391469	0.0348957	0.3744354
1.2284977	0.0348311	0.3804855
1.2177007	0.0347420	0.3857803
1.1965503	0.0347174	0.3887329
1.1851616	0.0345175	0.3935165
1.1659340	0.0344668	0.3970184
1.1529183	0.0343207	0.3979797
1.1387195	0.0343730	0.4007950
1.1270350	0.0341916	0.4032211
1.1141673	0.0341993	0.4039230
1.0944959	0.0341301	0.4042816
1.0797054	0.0340240	0.4039154
1.0666898	0.0337120	0.4029922
1.0510119	0.0337857	0.4020309
1.0357777	0.0334814	0.4005890
1.0184728	0.0334890	0.3990402
1.0032386	0.0334521	0.3973618
0.9894835	0.0333599	0.3951187
0.9730660	0.0331708	0.3933411
0.9590151	0.0330509	0.3900146
0.9446683	0.0328634	0.3873901
0.9263281	0.0327035	0.3846512
0.9164185	0.0324898	0.3825684
0.9011843	0.0323622	0.3804474
0.8822524	0.0325467	0.3776703
0.8680536	0.0322623	0.3771210
0.8544463	0.0322069	0.3760300
0.8417265	0.0318779	0.3743668
0.8256049	0.0317273	0.3742218
0.8080042	0.0315720	0.3757401
0.7911431	0.0313506	0.3776779
0.7785711	0.0312691	0.3790665
0.7575687	0.0310816	0.3833160
0.7491381	0.0308864	0.3870850
0.7333123	0.0307910	0.3911362
0.7186697	0.0306819	0.3976898
0.7018085	0.0304959	0.4041977
0.6899761	0.0300608	0.4124451
0.6740024	0.0298886	0.4227142
0.6564017	0.0297949	0.4340744
0.6454568	0.0297979	0.4483795
0.6319974	0.0295719	0.4635544
0.6186860	0.0294828	0.4798203
0.5999021	0.0293183	0.4991150
0.5820056	0.0288171	0.5180740
0.5642570	0.0287356	0.5388489
0.5516851	0.0285650	0.5607605
0.5349719	0.0284420	0.5869751
0.5240269	0.0283882	0.6097107
0.5082011	0.0283667	0.6284409
0.4934106	0.0282222	0.6396942
0.4824656	0.0281361	0.6454163
0.4706332	0.0278148	0.6410904
0.4528847	0.0276734	0.6199493
0.4401648	0.0271553	0.5787735
0.4231558	0.0268616	0.5198593
0.4074779	0.0267387	0.4427795
0.3943143	0.0260991	0.3572464
0.3756783	0.0255027	0.2692413
0.3605920	0.0248001	0.1969833
0.3446183	0.0235149	0.1461334
0.3279051	0.0220744	0.1180115
0.3126709	0.0203542	0.1029968
0.2996552	0.0184771	0.0964050
0.2863438	0.0170935	0.0937805
0.2690389	0.0151611	0.0938721
0.2583898	0.0141003	0.0944366
0.2391621	0.0124016	0.0901260
0.2288088	0.0097020	0.0860062
0.2147578	0.0074453	0.0850372
0.1974530	0.0053314	0.0845337
0.1823667	0.0023337	0.0847702
0.1677241	0.0003905	0.0848770
0.1542648	-0.0013621	0.0847473
0.1356288	-0.0032730	0.0848618
0.1190634	-0.0047642	0.0848618
0.1076747	-0.0073961	0.0848541
0.0934759	-0.0097343	0.0850449
0.0763189	-0.0117959	0.0847092
0.0715859	-0.0127321	0.0850296
0.0479212	-0.0165278	0.0853577
0.0347576	-0.0180266	0.0933685
0.0181923	-0.0197607	0.0944901
0.0013311	-0.0209199	0.0934982
-0.0115366	-0.0218715	0.0951309
-0.0261792	-0.0239576	0.1006393
-0.0375678	-0.0251214	0.1111832
-0.0517667	-0.0263482	0.1366730
-0.0706985	-0.0271507	0.1808319
-0.0856369	-0.0274381	0.2513046
-0.1070831	-0.0277487	0.3375473
-0.1156616	-0.0281253	0.4262390
-0.1322269	-0.0282760	0.5068970
-0.1480528	-0.0286326	0.5696869
-0.1629911	-0.0287787	0.6112213
-0.1767463	-0.0290293	0.6326218
-0.1934595	-0.0292245	0.6401062
-0.2052919	-0.0293721	0.6358261
-0.2215615	-0.0295719	0.6209259
-0.2399017	-0.0295381	0.6054764
-0.2471490	-0.0295919	0.5850525
-0.2626790	-0.0299148	0.5622482
-0.2816108	-0.0300670	0.5394974
-0.2941828	-0.0302345	0.5168304
-0.3141499	-0.0305435	0.4975739
-0.3270176	-0.0308126	0.4794312
-0.3426955	-0.0307649	0.4621735
-0.3585214	-0.0309555	0.4484787
-0.3743472	-0.0310877	0.4363098
-0.3894335	-0.0311093	0.4246597
-0.4018575	-0.0315766	0.4129257
-0.4165001	-0.0317503	0.4054184
-0.4318822	-0.0320824	0.3984985
-0.4488912	-0.0321270	0.3928452
-0.4588009	-0.0322377	0.3878174
-0.4793596	-0.0322438	0.3845596
-0.4923753	-0.0323130	0.3812103
-0.5002142	-0.0325559	0.3780975
-0.5241748	-0.0327127	0.3772049
-0.5367467	-0.0329633	0.3768845
-0.5556785	-0.0331601	0.3767548
-0.5654403	-0.0333092	0.3764725
-0.5851116	-0.0335551	0.3772354
-0.5981272	-0.0334814	0.3804474
-0.6092201	-0.0335382	0.3831177
-0.6253417	-0.0338964	0.3843536
-0.6424987	-0.0339072	0.3872757
-0.6592119	-0.0339902	0.3888245
-0.6722276	-0.0341685	0.3917313
-0.6821372	-0.0342900	0.3938904
-0.6979630	-0.0344099	0.3955383
-0.7121619	-0.0345313	0.3973770
-0.7293188	-0.0344714	0.4001617
-0.7447009	-0.0345852	0.4012146
-0.7617100	-0.0346651	0.4035034
-0.7778316	-0.0347942	0.4050293
-0.7914389	-0.0349879	0.4051132
-0.8068210	-0.0350510	0.4050522
-0.8242737	-0.0351862	0.4035950
-0.8387684	-0.0352047	0.4015045
-0.8534110	-0.0353584	0.3987045
-0.8699763	-0.0353384	0.3962708
-0.8821045	-0.0353507	0.3933029
-0.8976346	-0.0354753	0.3894653
-0.9088753	-0.0356628	0.3867264
-0.9266239	-0.0357197	0.3822632
-0.9403791	-0.0359703	0.3766251
-0.9569444	-0.0360272	0.3718872
-0.9699600	-0.0359933	0.3657608
-0.9887439	-0.0359395	0.3601913
-1.0050135	-0.0360625	0.3544617
-1.0150710	-0.0360272	0.3483810
-1.0335591	-0.0363515	0.3422623
-1.0480538	-0.0364392	0.3349152
-1.0616610	-0.0366482	0.3273010
-1.0780785	-0.0366882	0.3219986
-1.0924252	-0.0366698	0.3149261
-1.1055888	-0.0367220	0.3084641
-1.1178649	-0.0367220	0.3010864
-1.1344302	-0.0368896	0.2958984
-1.1461147	-0.0369388	0.2892303
-1.1654902	-0.0371802	0.2833328
-1.1810203	-0.0372647	0.2779846
-1.1980293	-0.0373539	0.2720718
-1.2154821	-0.0374830	0.2672729
-1.2261312	-0.0376475	0.2623672
-1.2410696	-0.0375891	0.2569199
-1.2561559	-0.0376782	0.2520905
-1.2753835	-0.0377259	0.2477646
-1.2876597	-0.0379227	0.2443924
-1.2994920	-0.0381072	0.2396622
-1.3187197	-0.0382317	0.2368164
-1.3326227	-0.0384792	0.2336426
-1.3440114	-0.0383147	0.2304382
-1.3595414	-0.0384531	0.2278900
-1.3743319	-0.0385284	0.2244568
-1.3867559	-0.0384992	0.2225876
-1.4039129	-0.0386621	0.2201843
-1.4172243	-0.0388528	0.2185135
-1.4357124	-0.0390203	0.2168274
-1.4528694	-0.0390834	0.2154388
-1.4670682	-0.0391741	0.2142715
-1.4812671	-0.0391433	0.2132568
-1.4935432	-0.0392540	0.2133942
-1.5102565	-0.0392617	0.2127228
-1.5217930	-0.0394246	0.2125931
-1.5389500	-0.0396491	0.2126160
-1.5528531	-0.0397782	0.2122803
-1.5673477	-0.0398197	0.2121887
-1.5830256	-0.0399535	0.2125320
-1.5985557	-0.0399473	0.2128830
-1.6146773	-0.0399996	0.2130280
-1.6296157	-0.0400134	0.2132645
-1.6469205	-0.0402671	0.2122269
-1.6654086	-0.0403086	0.2125015
-1.6770931	-0.0403763	0.2117310
-1.6923273	-0.0403839	0.2115784
-1.7068220	-0.0404962	0.2102509
-1.7223520	-0.0406468	0.2098541
-1.7332970	-0.0407929	0.2086334
-1.7528204	-0.0408421	0.2071152
-1.7690899	-0.0410404	0.2054520
-1.7818098	-0.0409727	0.2043839
-1.7914236	-0.0411003	0.2030716
-1.8073973	-0.0412295	0.2018585
-1.8248501	-0.0412495	0.1998901
-1.8384573	-0.0411710	0.1979218
-1.8520646	-0.0415292	0.1965179
-1.8718838	-0.0416076	0.1946640
-1.8900761	-0.0417891	0.1927643
-1.9010211	-0.0418136	0.1910248
-1.9153678	-0.0417368	0.1892395
-1.9298625	-0.0418167	0.1877975
-1.9461321	-0.0419520	0.1861801
-1.9598872	-0.0421150	0.1843872
-1.9761567	-0.0422103	0.1830444
-1.9890245	-0.0423410	0.1815338
-2.0060335	-0.0425316	0.1797791
-2.0174222	-0.0424885	0.1781769
-2.0351708	-0.0425070	0.1771393
-2.0474469	-0.0425162	0.1754913
-2.0620895	-0.0425977	0.1743317
-2.0788027	-0.0428098	0.1727600
-2.0937411	-0.0429005	0.1710129
-2.1088274	-0.0429851	0.1700287
-2.1265760	-0.0432218	0.1689911
-2.1419581	-0.0433141	0.1677551
-2.1531989	-0.0431742	0.1668549
-2.1679893	-0.0432649	0.1660843
-2.1827798	-0.0432787	0.1644135
-2.1974224	-0.0433971	0.1633301
-2.2148752	-0.0435877	0.1623230
-2.2299615	-0.0437368	0.1612625
-2.2447520	-0.0438583	0.1601868
-2.2559927	-0.0439505	0.1595078
-2.2706353	-0.0439567	0.1589508
-2.2873486	-0.0439136	0.1579285
-2.2999205	-0.0440043	0.1574326
-2.3228457	-0.0441181	0.1563873
-2.3379320	-0.0443856	0.1557159
-2.3506518	-0.0444317	0.1549988
-2.3641112	-0.0446008	0.1544952
-2.3818598	-0.0448452	0.1539001
-2.3965023	-0.0446715	0.1528397
-2.4121803	-0.0446285	0.1523361
-2.4201671	-0.0448468	0.1517792
-2.4392468	-0.0448868	0.1509628
-2.4530020	-0.0450313	0.1506500
-2.4658697	-0.0452603	0.1502075
-2.4842099	-0.0453633	0.1495743
-2.4984088	-0.0453971	0.1490326
-2.5099454	-0.0454387	0.1487885
-2.5251796	-0.0454002	0.1482468
-2.5439635	-0.0454171	0.1479797
-2.5572749	-0.0457215	0.1472015
-2.5738403	-0.0459014	0.1469345
-2.5870038	-0.0459875	0.1464157
-2.6022380	-0.0460951	0.1457520
-2.6168806	-0.0461305	0.1451187
-2.6309315	-0.0460797	0.1447372
-2.6454262	-0.0462580	0.1438293
-2.6624353	-0.0463257	0.1434097
-2.6764862	-0.0463841	0.1427307
-2.6886144	-0.0464717	0.1422272
-2.7035528	-0.0466101	0.1414948
-2.7201182	-0.0467500	0.1405487
-2.7326901	-0.0469529	0.1398773
-2.7511782	-0.0469068	0.1389313
-2.7641938	-0.0469114	0.1382065
-2.7813508	-0.0470344	0.1376495
-2.7925915	-0.0469314	0.1367264
-2.8131503	-0.0471036	0.1361847
-2.8242432	-0.0472588	0.1350784
-2.8428792	-0.0474141	0.1343079
-2.8572260	-0.0476662	0.1334305
-2.8686146	-0.0477185	0.1324463
-2.8865111	-0.0476647	0.1319427
-2.9017453	-0.0477754	0.1310196
-2.9113591	-0.0478476	0.1299820
-2.9296993	-0.0480183	0.1288605
-2.9441940	-0.0482058	0.1278458
-2.9561743	-0.0483319	0.1270981
-2.9743666	-0.0483703	0.1261368
-2.9922631	-0.0484180	0.1253662
-3.0045392	-0.0483550	0.1244202
-3.0214003	-0.0485656	0.1238327
-3.0319016	-0.0485686	0.1230011
-3.0492065	-0.0486747	0.1222534
-3.0611867	-0.0489576	0.1212463
-3.0842599	-0.0490760	0.1204147
-3.0937258	-0.0492358	0.1198044
-3.1133972	-0.0492835	0.1189804
-3.1247858	-0.0491436	0.1185532
-3.1386889	-0.0493788	0.1178055
-3.1559938	-0.0493911	0.1169052
-3.1669387	-0.0495341	0.1160202
-3.1848352	-0.0497078	0.1156235
-3.1985904	-0.0499123	0.1147537
-3.2197407	-0.0499015	0.1138840
-3.2314252	-0.0499584	0.1133957
-3.2465115	-0.0500921	0.1126404
-3.2604146	-0.0500937	0.1119690
-3.2738739	-0.0500691	0.1115265
-3.2910309	-0.0503412	0.1108932
-3.3000531	-0.0506317	0.1098862
-3.3178017	-0.0506748	0.1091690
-3.3359940	-0.0506640	0.1086349
-3.3481222	-0.0507224	0.1080246
-3.3629126	-0.0507547	0.1074600
-3.3794780	-0.0509945	0.1069183
-3.3859858	-0.0510545	0.1064529
-3.4062488	-0.0511775	0.1059265
-3.4216309	-0.0513389	0.1050034
-3.4393795	-0.0515295	0.1043472
-3.4583113	-0.0516125	0.1037216
-3.4698479	-0.0516110	0.1032944
-3.4861174	-0.0517217	0.1024780
-3.4976540	-0.0517494	0.1018982
-3.5124445	-0.0517878	0.1010971
-3.5279745	-0.0519569	0.1006546
-3.5429129	-0.0520338	0.1000443
-3.5572596	-0.0523120	0.0993042
-3.5726417	-0.0523581	0.0986481
-3.5893550	-0.0525365	0.0981750
-3.5992646	-0.0526487	0.0977707
-3.6156820	-0.0526149	0.0974197
-3.6303246	-0.0525949	0.0968246
-3.6408259	-0.0526794	0.0959702
-3.6628637	-0.0529562	0.0954514
-3.6749919	-0.0530899	0.0951233
-3.6939237	-0.0532698	0.0947189
-3.7093058	-0.0532975	0.0942917
-3.7211382	-0.0534373	0.0934525
-3.7379994	-0.0534773	0.0932159
-3.7541210	-0.0535696	0.0929794
-3.7653618	-0.0536587	0.0923309
-3.7797085	-0.0538109	0.0920563
-3.7967176	-0.0539416	0.0915298
-3.8092895	-0.0540538	0.0912933
-3.8246716	-0.0542506	0.0909653
-3.8421244	-0.0541368	0.0903091
-3.8585418	-0.0543152	0.0900192
-3.8680077	-0.0544381	0.0898438
-3.8833898	-0.0543705	0.0894394
-3.9024696	-0.0545350	0.0889130
-3.9135624	-0.0547149	0.0885010
-3.9301278	-0.0549255	0.0880966
-3.9500949	-0.0550807	0.0878983
-3.9634064	-0.0552237	0.0877838
-3.9796759	-0.0552468	0.0874939
-3.9925436	-0.0552729	0.0872421
-4.0028969	-0.0554282	0.0867233
-4.0200539	-0.0555143	0.0865784
-4.0367672	-0.0556219	0.0862885
-4.0518535	-0.0558110	0.0858078
-4.0647212	-0.0559247	0.0858765
-4.0826177	-0.0561599	0.0856628
-4.0938584	-0.0562583	0.0854263
-4.1090926	-0.0561799	0.0852890
-4.1258059	-0.0562875	0.0851288
-4.1413359	-0.0563598	0.0847931
-4.1558306	-0.0565351	0.0846329
-4.1692899	-0.0567426	0.0843201
-4.1846720	-0.0568579	0.0840607
-4.2019769	-0.0570070	0.0839615
-4.2163237	-0.0570208	0.0839462
-4.2312620	-0.0570993	0.0837784
-4.2441298	-0.0570946	0.0834961
-4.2630616	-0.0572730	0.0835190
-4.2722317	-0.0574697	0.0830688
-4.2880575	-0.0575850	0.0831146
-4.3025522	-0.0578095	0.0828323
-4.3245900	-0.0579263	0.0827332
-4.3347954	-0.0579924	0.0826645
-4.3512129	-0.0580216	0.0822983
-4.3705884	-0.0580877	0.0821686
-4.3850831	-0.0581231	0.0817413
-4.3966197	-0.0581723	0.0817413
-4.4136287	-0.0584828	0.0813904
-4.4284192	-0.0585858	0.0813904
-4.4430618	-0.0586904	0.0808258
-4.4580002	-0.0589056	0.0807190
-4.4727907	-0.0589533	0.0807419
-4.4856584	-0.0589410	0.0804825
-4.4970471	-0.0590870	0.0803833
-4.5158310	-0.0591792	0.0800552
-4.5282550	-0.0593868	0.0796814
-4.5446724	-0.0596097	0.0794525
-4.5616815	-0.0596666	0.0792236
-4.5785426	-0.0598833	0.0789719
-4.5896355	-0.0598864	0.0789108
-4.6107859	-0.0599079	0.0786667
-4.6221746	-0.0601309	0.0784607
-4.6347465	-0.0601232	0.0782623
-4.6532346	-0.0603860	0.0778351
-4.6653628	-0.0604829	0.0773468
-4.6811886	-0.0606336	0.0773926
-4.6940563	-0.0606950	0.0770721
-4.7106217	-0.0608088	0.0768509
-4.7273349	-0.0608472	0.0764923
-4.7384278	-0.0607980	0.0762863
-4.7558806	-0.0609825	0.0759583
-4.7662339	-0.0612239	0.0755539
-4.7835388	-0.0613868	0.0752487
-4.8012873	-0.0614775	0.0752716
-4.8156341	-0.0616851	0.0749283
-4.8289456	-0.0616789	0.0748138
-4.8483211	-0.0618865	0.0743637
-4.8610409	-0.0620095	0.0740662
-4.8734649	-0.0619726	0.0739365
-4.8913614	-0.0622278	0.0739594
-4.9064477	-0.0622816	0.0733643
-4.9218298	-0.0625398	0.0735321
-4.9338101	-0.0627320	0.0731506
-4.9474173	-0.0627243	0.0732346
-4.9639827	-0.0627151	0.0730515
-4.9769983	-0.0628765	0.0729523
-4.9904577	-0.0628319	0.0726395
-5.0053960	-0.0631671	0.0724487
-5.0243279	-0.0633946	0.0720062
-5.0445908	-0.0635037	0.0720215
-5.0592334	-0.0636329	0.0716629
-5.0670724	-0.0636713	0.0714645
-5.0864479	-0.0637651	0.0715942
-5.0957659	-0.0638020	0.0713425
-5.1133666	-0.0640848	0.0711288
-5.1262343	-0.0641786	0.0712280
-5.1453140	-0.0643370	0.0707626
-5.1569985	-0.0645430	0.0706406
-5.1719369	-0.0646998	0.0704498
-5.1874669	-0.0646767	0.0705795
-5.2022574	-0.0648335	0.0704422
-5.2157167	-0.0647813	0.0700531
-5.2299156	-0.0649119	0.0700684
-5.2506223	-0.0652194	0.0699158
-5.2637858	-0.0653593	0.0696945
-5.2804991	-0.0655638	0.0696716
-5.2923315	-0.0656545	0.0695648
-5.3118549	-0.0656837	0.0692520
-5.3241310	-0.0657851	0.0695038
-5.3381820	-0.0658974	0.0693054
-5.3506060	-0.0659665	0.0691833
-5.3667276	-0.0662571	0.0692368
-5.3838846	-0.0664492	0.0689163
-5.4000062	-0.0665538	0.0688858
-5.4115428	-0.0667490	0.0685959
-5.4244105	-0.0667121	0.0686569
-5.4403842	-0.0667229	0.0686417
-5.4581328	-0.0668351	0.0686646
-5.4757335	-0.0669766	0.0685806
-5.4881575	-0.0671103	0.0683899
-5.5045749	-0.0674316	0.0680847
-5.5202528	-0.0675361	0.0680695
-5.5332685	-0.0676914	0.0682068
-5.5467278	-0.0676653	0.0681229
-5.5634411	-0.0679159	0.0680313
-5.5777878	-0.0679666	0.0679779
-5.5912472	-0.0680050	0.0679474
-5.6051502	-0.0681265	0.0678101
-5.6224551	-0.0683694	0.0676804
-5.6357665	-0.0685984	0.0677338
-5.6487822	-0.0687967	0.0677795
-5.6654954	-0.0687814	0.0677795
-5.6833919	-0.0689489	0.0677032
-5.6967033	-0.0689305	0.0677490
-5.7128250	-0.0690919	0.0675430
-5.7296861	-0.0691534	0.0673141
-5.7407790	-0.0693486	0.0674210
-5.7607461	-0.0696392	0.0673523
-5.7694725	-0.0696623	0.0673218
-5.7901792	-0.0698744	0.0671921
-5.8017158	-0.0699651	0.0672913
-5.8204997	-0.0700435	0.0672455
-5.8317405	-0.0701373	0.0672760
-5.8434249	-0.0703648	0.0671539
-5.8591029	-0.0703587	0.0672379
-5.8731538	-0.0705308	0.0672150
-5.8917898	-0.0707307	0.0670395
-5.9071719	-0.0709459	0.0668793
-5.9292098	-0.0710735	0.0670700
-5.9420775	-0.0710858	0.0669937
-5.9546494	-0.0712472	0.0669556
-5.9685524	-0.0713564	0.0670013
-5.9820118	-0.0713041	0.0670547
-6.0007957	-0.0717269	0.0669708
-6.0115928	-0.0718468	0.0668869
-6.0288976	-0.0719606	0.0669785
-6.0462025	-0.0721619	0.0669022
-6.0535977	-0.0723526	0.0669861
-6.0732691	-0.0722711	0.0666656
-6.0836224	-0.0723157	0.0670929
-6.1004836	-0.0725217	0.0670319
-6.1136471	-0.0727108	0.0664978
-6.1300645	-0.0728599	0.0666809
-6.1498838	-0.0729245	0.0666199
-6.1654138	-0.0731351	0.0667725
-6.1747318	-0.0734625	0.0666504
-6.1958822	-0.0735409	0.0668869
-6.2050523	-0.0733949	0.0667343
-6.2222093	-0.0736378	0.0667496
-6.2359644	-0.0735947	0.0665894
-6.2500154	-0.0738115	0.0667419
-6.2640663	-0.0741097	0.0666504
-6.2788568	-0.0742650	0.0665817
-6.2974928	-0.0744572	0.0665894
-6.3108043	-0.0746293	0.0664368
-6.3233762	-0.0745125	0.0664444
-6.3392020	-0.0746801	0.0665817
-6.3532530	-0.0748077	0.0665894
-6.3726285	-0.0748415	0.0666046
-6.3865316	-0.0750690	0.0665054
-6.4029490	-0.0753580	0.0665359
-6.4178874	-0.0754534	0.0664825
-6.4301635	-0.0755902	0.0663834
-6.4520534	-0.0757331	0.0665817
-6.4598924	-0.0755979	0.0663986
-6.4743870	-0.0758592	0.0661850
-6.4921356	-0.0759607	0.0666656
-6.5044117	-0.0762620	0.0663681
-6.5200896	-0.0764219	0.0662079
-6.5325137	-0.0764342	0.0663910
-6.5471562	-0.0766709	0.0663376
-6.5654964	-0.0767847	0.0664291
-6.5785121	-0.0768277	0.0664978
-6.5961127	-0.0769538	0.0666428
-6.6150446	-0.0769707	0.0662079
-6.6274686	-0.0772028	0.0662079
-6.6394489	-0.0774211	0.0660553
-6.6579370	-0.0775995	0.0661545
-6.6678466	-0.0777639	0.0660172
-6.6818976	-0.0778008	0.0660934
-6.6990545	-0.0778331	0.0661926
-6.7131055	-0.0779746	0.0662689
-6.7290792	-0.0781421	0.0662460
-6.7435739	-0.0781498	0.0661621
-6.7622099	-0.0784727	0.0660248
-6.7704926	-0.0787632	0.0663147
-6.7900160	-0.0788954	0.0659485
-6.8008131	-0.0789769	0.0660706
-6.8228509	-0.0789000	0.0660095
-6.8355707	-0.0790876	0.0661087
-6.8475510	-0.0791260	0.0660019
-6.8700325	-0.0793658	0.0661316
-6.8814212	-0.0796733	0.0659943
-6.8960638	-0.0797778	0.0658875
-6.9115938	-0.0799715	0.0658112
-6.9250531	-0.0799669	0.0659790
-6.9404352	-0.0802021	0.0661621
-6.9570006	-0.0801991	0.0661087
-6.9655791	-0.0803082	0.0660553
-6.9852504	-0.0805388	0.0660553
-6.9978223	-0.0807356	0.0660324
-7.0146835	-0.0808909	0.0660706
-7.0339111	-0.0811338	0.0660553
-7.0452998	-0.0811138	0.0657806
-7.0572801	-0.0812229	0.0661850
-7.0773951	-0.0813121	0.0659637
-7.0904108	-0.0813490	0.0662079
-7.1052012	-0.0814674	0.0660477
-7.1194001	-0.0818993	0.0659409
-7.1350780	-0.0819239	0.0658646
-7.1497206	-0.0822053	0.0658722
-7.1625883	-0.0823482	0.0659256
-7.1785621	-0.0823221	0.0659180
-7.1969023	-0.0825004	0.0658951
-7.2053328	-0.0824328	0.0660324
-7.2208628	-0.0827479	0.0659714
-7.2365408	-0.0829524	0.0660248
-7.2570995	-0.0831184	0.0658493
-7.2721858	-0.0833337	0.0659790
-7.2865326	-0.0833829	0.0661011
-7.2986608	-0.0834336	0.0659714
-7.3155219	-0.0835673	0.0660629
-7.3295729	-0.0836919	0.0659180
-7.3412574	-0.0838994	0.0661240
-7.3593018	-0.0840608	0.0660858
-7.3729090	-0.0842099	0.0660324
-7.3863684	-0.0844405	0.0659103
-7.4041170	-0.0845082	0.0657959
-7.4202386	-0.0845082	0.0659943
-7.4323668	-0.0846665	0.0660934
-7.4444950	-0.0846988	0.0660706
-7.4604687	-0.0849079	0.0661087
-7.4782173	-0.0851139	0.0659027
-7.4906413	-0.0853199	0.0658722
-7.5138624	-0.0856858	0.0659866
-7.5283570	-0.0858088	0.0659943
-7.5376750	-0.0857427	0.0657501
-7.5540925	-0.0858072	0.0659866
-7.5665165	-0.0858948	0.0660629
-7.5789405	-0.0859194	0.0662613
-7.5972807	-0.0862730	0.0659485
-7.6101484	-0.0865082	0.0660553
-7.6210934	-0.0866666	0.0659637
-7.6395815	-0.0868649	0.0662766
-7.6548157	-0.0870371	0.0660934
-7.6703457	-0.0869602	0.0661621
-7.6863194	-0.0870817	0.0659637
-7.6959332	-0.0871339	0.0663376
-7.7148650	-0.0873722	0.0664062
-7.7330573	-0.0875813	0.0660782
-7.7465167	-0.0877366	0.0661087
-7.7618988	-0.0878811	0.0660858
-7.7778725	-0.0879502	0.0661011
-7.7897049	-0.0880302	0.0663071
-7.8055307	-0.0881317	0.0663910
-7.8192859	-0.0883254	0.0663986
-7.8348159	-0.0883976	0.0661316
-7.8522687	-0.0886605	0.0660553
-7.8686861	-0.0888803	0.0663910
-7.8809622	-0.0890233	0.0663223
-7.8963443	-0.0891970	0.0661926
-7.9093599	-0.0892785	0.0665054
-7.9217839	-0.0892985	0.0663071
-7.9402720	-0.0894353	0.0662231
-7.9569853	-0.0896152	0.0665665
-7.9729590	-0.0898258	0.0661926
-7.9892286	-0.0900133	0.0664062
