8.0263527	0.0879364	0.0660782
8.0062376	0.0878980	0.0648956
7.9921866	0.0878442	0.0646896
7.9734027	0.0876889	0.0652313
7.9599434	0.0874506	0.0650864
7.9454487	0.0873353	0.0649261
7.9302145	0.0870663	0.0643845
7.9179384	0.0869587	0.0646820
7.9013731	0.0868280	0.0647888
7.8877658	0.0867342	0.0646667
7.8717921	0.0866697	0.0649109
7.8586286	0.0864498	0.0650177
7.8420632	0.0864975	0.0648346
7.8296392	0.0861178	0.0646820
7.8117427	0.0859640	0.0648193
7.7984313	0.0858272	0.0646439
7.7817180	0.0856473	0.0647888
7.7661880	0.0854183	0.0647125
7.7487353	0.0853814	0.0648041
7.7385298	0.0852661	0.0648422
7.7249226	0.0851139	0.0649033
7.7070261	0.0849648	0.0646896
7.6951937	0.0847665	0.0646973
7.6809948	0.0845236	0.0647278
7.6629504	0.0844375	0.0647049
7.6499348	0.0843299	0.0645828
7.6349964	0.0842484	0.0647354
7.6243473	0.0842238	0.0647888
7.6073382	0.0840977	0.0647964
7.5940268	0.0838348	0.0644455
7.5765740	0.0836719	0.0645523
7.5598608	0.0835135	0.0648193
7.5429996	0.0832261	0.0648651
7.5307235	0.0832091	0.0648270
7.5154893	0.0831400	0.0649185
7.4983323	0.0830293	0.0646973
7.4856125	0.0829570	0.0649185
7.4718574	0.0827141	0.0648041
7.4541088	0.0825527	0.0646057
7.4376914	0.0823728	0.0647507
7.4258590	0.0820316	0.0647964
7.4107727	0.0821422	0.0650330
7.3989403	0.0819409	0.0647202
7.3823749	0.0819132	0.0649109
7.3686198	0.0817948	0.0648804
7.3542730	0.0815242	0.0646591
7.3388909	0.0814551	0.0645447
7.3206986	0.0810015	0.0644608
7.3048728	0.0810215	0.0649567
7.2902302	0.0810077	0.0648880
7.2749960	0.0808740	0.0649185
7.2625720	0.0807464	0.0648575
7.2502959	0.0806972	0.0650558
7.2355054	0.0805480	0.0647888
7.2164257	0.0801545	0.0650864
7.1983813	0.0800792	0.0648956
7.1864010	0.0799193	0.0649109
7.1756040	0.0798040	0.0648270
7.1581512	0.0797486	0.0651321
7.1405505	0.0797102	0.0648651
7.1291618	0.0795150	0.0649109
7.1088989	0.0793920	0.0650177
7.0908545	0.0791153	0.0649414
7.0779868	0.0789846	0.0651016
7.0637879	0.0788047	0.0650940
7.0450040	0.0786279	0.0648193
7.0362776	0.0785603	0.0649948
7.0222266	0.0784819	0.0652542
7.0047738	0.0784219	0.0651016
6.9924977	0.0783404	0.0651398
6.9777073	0.0781698	0.0651474
6.9664665	0.0779992	0.0652771
6.9485700	0.0777578	0.0650864
6.9337795	0.0777101	0.0652313
6.9175100	0.0777286	0.0651016
6.9034590	0.0774672	0.0652695
6.8863021	0.0772920	0.0651855
6.8697367	0.0771936	0.0654602
6.8550941	0.0770060	0.0653381
6.8431138	0.0767816	0.0650177
6.8240341	0.0766632	0.0652008
6.8083562	0.0763988	0.0654907
6.7962280	0.0764572	0.0654221
6.7792189	0.0763143	0.0653305
6.7685698	0.0762082	0.0654907
6.7503775	0.0761544	0.0655594
6.7386930	0.0757839	0.0655212
6.7230151	0.0755794	0.0655060
6.7080767	0.0755686	0.0653381
6.6937299	0.0753058	0.0654449
6.6752418	0.0752012	0.0654449
6.6654801	0.0751766	0.0657501
6.6468441	0.0750168	0.0654526
6.6311662	0.0750260	0.0657349
6.6148967	0.0748092	0.0657806
6.6002541	0.0745479	0.0656281
6.5864989	0.0744356	0.0655594
6.5733354	0.0742558	0.0654907
6.5585449	0.0742158	0.0655594
6.5381340	0.0740928	0.0657806
6.5295556	0.0740083	0.0657272
6.5159483	0.0739007	0.0658035
6.4980518	0.0736670	0.0658493
6.4844446	0.0735286	0.0657272
6.4687667	0.0732734	0.0656509
6.4560468	0.0730951	0.0658340
6.4371150	0.0730244	0.0658722
6.4168521	0.0730797	0.0657349
6.4063508	0.0729613	0.0661087
6.3917082	0.0727922	0.0660172
6.3788405	0.0725447	0.0660400
6.3603524	0.0722988	0.0658493
6.3482242	0.0722250	0.0658493
6.3338774	0.0721312	0.0658646
6.3226367	0.0719052	0.0659790
6.3011905	0.0717961	0.0660019
6.2887665	0.0718837	0.0658951
6.2744197	0.0716516	0.0660248
6.2597771	0.0715593	0.0662689
6.2446908	0.0713564	0.0659103
6.2304919	0.0710289	0.0660095
6.2124475	0.0709797	0.0662613
6.1963259	0.0707784	0.0659637
6.1830145	0.0707430	0.0663376
6.1655617	0.0707107	0.0662537
6.1503275	0.0705324	0.0665054
6.1367203	0.0705047	0.0661850
6.1253316	0.0702541	0.0663147
6.1072872	0.0700881	0.0663376
6.0950111	0.0698882	0.0662918
6.0777062	0.0697699	0.0664825
6.0632116	0.0697176	0.0667572
6.0507875	0.0696423	0.0665741
6.0348138	0.0695254	0.0665436
6.0181006	0.0694301	0.0667496
6.0007957	0.0691642	0.0666428
5.9854136	0.0689997	0.0666275
5.9728417	0.0688060	0.0668945
5.9573117	0.0686768	0.0668869
5.9414859	0.0685415	0.0670013
5.9287660	0.0685062	0.0667801
5.9110175	0.0684047	0.0670700
5.8975581	0.0683801	0.0672684
5.8857257	0.0681634	0.0669632
5.8669418	0.0679451	0.0673676
5.8554052	0.0677729	0.0673065
5.8395794	0.0676238	0.0674286
5.8227183	0.0674777	0.0673599
5.8114775	0.0674931	0.0674210
5.7960954	0.0672625	0.0676804
5.7802696	0.0673178	0.0675049
5.7653312	0.0671472	0.0678558
5.7474347	0.0669689	0.0678253
5.7361939	0.0667167	0.0679169
5.7187411	0.0666168	0.0679398
5.7046902	0.0663893	0.0679321
5.6898997	0.0664400	0.0680466
5.6752571	0.0663186	0.0683594
5.6619457	0.0662217	0.0682755
5.6486342	0.0661618	0.0685501
5.6267443	0.0658236	0.0685577
5.6166868	0.0657590	0.0686798
5.6038191	0.0655468	0.0684891
5.5828166	0.0654377	0.0688477
5.5730549	0.0652870	0.0690384
5.5547147	0.0652840	0.0691452
5.5408116	0.0651702	0.0695419
5.5233588	0.0650426	0.0695953
5.5125618	0.0647751	0.0698242
5.4959964	0.0646798	0.0697556
5.4792832	0.0644523	0.0699234
5.4675987	0.0643754	0.0697784
5.4510334	0.0641940	0.0700226
5.4347638	0.0641325	0.0702362
5.4223398	0.0639388	0.0705261
5.4085847	0.0639880	0.0706177
5.3912798	0.0639065	0.0707550
5.3798911	0.0636851	0.0709915
5.3588886	0.0634407	0.0712814
5.3458730	0.0633070	0.0712967
5.3310825	0.0631686	0.0716095
5.3182148	0.0631932	0.0717316
5.2991351	0.0631256	0.0721436
5.2837530	0.0630579	0.0717621
5.2705894	0.0627366	0.0722504
5.2522492	0.0625368	0.0724106
5.2390857	0.0624215	0.0723419
5.2235557	0.0622616	0.0727997
5.2115754	0.0621570	0.0730057
5.1984119	0.0620587	0.0733414
5.1806633	0.0620940	0.0735931
5.1676477	0.0620571	0.0738754
5.1524135	0.0618265	0.0740509
5.1407290	0.0616344	0.0740967
5.1217972	0.0614822	0.0743866
5.1099648	0.0612531	0.0749207
5.0901455	0.0612377	0.0748062
5.0698826	0.0611578	0.0753555
5.0561274	0.0609918	0.0754547
5.0429639	0.0610117	0.0758209
5.0302441	0.0608934	0.0758972
5.0166368	0.0607243	0.0761414
5.0018463	0.0605259	0.0763092
4.9873517	0.0604445	0.0767441
4.9730049	0.0602292	0.0770340
4.9574749	0.0602123	0.0775909
4.9413532	0.0601278	0.0778503
4.9275981	0.0600079	0.0782318
4.9159136	0.0599402	0.0785522
4.8994962	0.0596866	0.0787964
4.8886991	0.0594929	0.0786362
4.8665134	0.0593207	0.0791016
4.8509834	0.0591408	0.0794678
4.8361929	0.0592638	0.0798035
4.8162257	0.0591839	0.0801239
4.8079431	0.0591470	0.0802841
4.7913777	0.0590609	0.0803299
4.7727417	0.0586719	0.0808258
4.7632758	0.0585505	0.0808334
4.7441961	0.0583660	0.0812759
4.7310325	0.0582768	0.0814514
4.7187564	0.0582092	0.0818405
4.7050013	0.0582046	0.0819168
4.6890276	0.0581016	0.0822601
4.6746808	0.0579863	0.0823669
4.6553053	0.0578264	0.0829010
4.6455435	0.0575943	0.0830383
4.6223225	0.0575113	0.0831146
4.6104901	0.0574959	0.0834885
4.5946643	0.0573191	0.0836182
4.5789864	0.0573637	0.0839157
4.5639001	0.0571761	0.0843506
4.5486659	0.0571054	0.0842209
4.5380167	0.0569732	0.0845871
4.5244095	0.0568348	0.0848160
4.5125771	0.0564951	0.0849304
4.4936453	0.0564505	0.0850525
4.4822566	0.0563552	0.0853043
4.4648038	0.0563967	0.0857468
4.4486822	0.0562522	0.0856934
4.4384767	0.0562138	0.0862885
4.4189533	0.0559985	0.0865707
4.4020921	0.0559186	0.0863037
4.3867100	0.0556772	0.0868454
4.3704405	0.0554820	0.0873184
4.3525440	0.0555189	0.0874329
4.3410074	0.0555004	0.0874481
4.3318373	0.0552883	0.0879440
4.3133492	0.0552037	0.0882416
4.2981150	0.0550838	0.0883865
4.2828808	0.0548993	0.0887451
4.2670550	0.0547487	0.0890884
4.2547789	0.0546088	0.0893555
4.2371782	0.0545811	0.0901184
4.2240147	0.0545304	0.0902939
4.2077452	0.0545304	0.0906067
4.1960607	0.0542690	0.0910797
4.1775726	0.0541061	0.0913849
4.1601198	0.0538371	0.0915375
4.1471042	0.0538570	0.0922546
4.1377862	0.0536556	0.0923996
4.1150088	0.0536910	0.0927429
4.1008100	0.0536172	0.0933533
4.0914920	0.0535357	0.0937042
4.0728559	0.0533897	0.0943451
4.0576217	0.0532636	0.0947723
4.0446061	0.0530407	0.0954056
4.0330695	0.0529239	0.0956802
4.0141377	0.0527748	0.0959854
4.0000868	0.0528286	0.0968094
3.9845567	0.0527502	0.0975037
3.9673998	0.0526841	0.0980911
3.9534967	0.0524827	0.0987930
3.9372272	0.0524058	0.0991440
3.9206618	0.0521229	0.0997391
3.9086816	0.0520768	0.1000900
3.8941869	0.0520000	0.1006012
3.8770299	0.0518524	0.1015320
3.8634227	0.0518401	0.1025620
3.8470052	0.0518124	0.1030350
3.8359124	0.0517340	0.1035004
3.8237842	0.0515403	0.1043549
3.8089937	0.0513143	0.1049194
3.7885828	0.0512144	0.1056824
3.7798564	0.0510945	0.1063004
3.7584102	0.0509008	0.1070633
3.7456904	0.0509715	0.1078796
3.7269065	0.0509438	0.1084518
3.7101932	0.0507901	0.1091156
3.6988046	0.0507178	0.1098022
3.6797248	0.0504088	0.1107635
3.6695194	0.0504134	0.1113892
3.6541373	0.0503320	0.1122284
3.6377199	0.0501536	0.1126480
3.6221899	0.0501444	0.1137161
3.6152383	0.0500506	0.1143341
3.5986730	0.0498784	0.1153336
3.5795933	0.0498415	0.1160431
3.5683525	0.0496970	0.1169205
3.5492728	0.0495464	0.1175079
3.5386236	0.0494003	0.1183929
3.5217625	0.0492543	0.1192093
3.5068241	0.0492589	0.1200027
3.4920336	0.0491328	0.1211395
3.4742850	0.0491328	0.1217346
3.4563885	0.0491267	0.1225739
3.4463310	0.0488377	0.1231613
3.4319842	0.0487531	0.1241302
3.4173416	0.0485809	0.1249619
3.3988535	0.0485840	0.1258392
3.3887960	0.0483980	0.1268387
3.3738576	0.0484457	0.1278152
3.3581797	0.0483534	0.1286545
3.3395437	0.0482197	0.1296921
3.3302257	0.0482074	0.1310577
3.3152873	0.0479383	0.1316376
3.2984261	0.0477339	0.1325150
3.2809734	0.0475494	0.1333923
3.2639643	0.0475140	0.1346359
3.2513924	0.0474479	0.1351700
3.2358624	0.0475586	0.1359406
3.2185575	0.0474049	0.1375504
3.2105706	0.0472758	0.1385574
3.1940053	0.0472588	0.1391678
3.1738902	0.0469898	0.1405716
3.1682699	0.0469083	0.1414108
3.1474153	0.0467684	0.1424484
3.1287793	0.0467100	0.1438065
3.1185738	0.0468053	0.1446075
3.1005294	0.0466209	0.1455460
3.0897324	0.0466116	0.1467209
3.0716880	0.0464364	0.1476440
3.0542352	0.0463349	0.1484528
3.0390010	0.0461120	0.1495895
3.0249501	0.0459829	0.1504211
3.0119344	0.0459952	0.1517029
2.9974398	0.0460889	0.1526413
2.9823535	0.0458291	0.1537018
2.9680067	0.0458291	0.1541214
2.9524767	0.0457292	0.1551743
2.9382778	0.0455801	0.1560364
2.9279245	0.0453587	0.1563568
2.9084010	0.0452957	0.1573257
2.8955333	0.0452234	0.1580887
2.8780805	0.0451297	0.1589279
2.8662482	0.0452465	0.1594849
2.8532325	0.0450313	0.1600494
2.8316384	0.0451281	0.1609268
2.8169958	0.0447730	0.1615067
2.8019095	0.0446054	0.1618271
2.7857879	0.0445655	0.1624069
2.7715890	0.0444332	0.1628113
2.7584255	0.0444840	0.1641464
2.7423039	0.0444701	0.1640244
2.7323943	0.0443364	0.1648178
2.7137582	0.0441565	0.1660538
2.7025175	0.0441089	0.1664581
2.6872833	0.0438813	0.1674423
2.6723449	0.0438783	0.1681900
2.6522298	0.0436661	0.1686707
2.6421723	0.0436338	0.1695404
2.6239800	0.0436646	0.1707077
2.6114081	0.0435216	0.1715393
2.5942511	0.0434816	0.1723404
2.5810876	0.0432803	0.1733475
2.5637827	0.0431988	0.1740646
2.5494360	0.0430819	0.1751938
2.5344976	0.0429682	0.1761780
2.5223694	0.0428129	0.1776733
2.5099454	0.0427837	0.1785355
2.4923447	0.0427483	0.1796036
2.4784416	0.0426776	0.1809464
2.4615805	0.0426469	0.1820221
2.4467900	0.0424086	0.1834412
2.4349576	0.0422118	0.1844330
2.4180964	0.0422287	0.1864090
2.4006437	0.0420827	0.1875305
2.3862969	0.0421826	0.1893997
2.3710627	0.0420212	0.1909256
2.3574555	0.0420043	0.1918716
2.3432566	0.0419213	0.1944427
2.3277266	0.0417629	0.1959534
2.3101259	0.0415523	0.1973343
2.2965187	0.0414170	0.1990204
2.2799533	0.0413724	0.2001877
2.2687125	0.0412648	0.2017670
2.2539221	0.0412156	0.2037277
2.2401669	0.0411634	0.2055359
2.2246369	0.0410973	0.2075043
2.2101422	0.0408313	0.2088318
2.1949080	0.0406622	0.2116318
2.1777511	0.0406914	0.2134705
2.1595588	0.0405023	0.2155914
2.1434371	0.0405023	0.2174149
2.1298299	0.0404762	0.2200012
2.1178496	0.0404347	0.2220154
2.1054256	0.0403440	0.2241058
2.0898956	0.0402994	0.2256775
2.0733302	0.0400058	0.2273026
2.0603146	0.0400119	0.2294006
2.0425660	0.0396906	0.2323456
2.0260007	0.0397014	0.2338181
2.0159431	0.0397060	0.2356796
1.9958281	0.0396829	0.2368317
1.9893203	0.0396091	0.2388000
1.9695010	0.0395369	0.2401199
1.9569291	0.0394785	0.2409363
1.9387368	0.0391418	0.2417374
1.9217278	0.0391141	0.2421646
1.9038313	0.0389588	0.2429504
1.8900761	0.0389327	0.2431183
1.8803144	0.0389573	0.2430573
1.8607910	0.0389004	0.2437592
1.8505855	0.0387544	0.2439346
1.8316537	0.0385422	0.2438049
1.8181944	0.0384054	0.2429733
1.8062141	0.0383408	0.2434082
1.7886134	0.0380933	0.2447815
1.7754499	0.0381810	0.2453461
1.7565180	0.0381148	0.2463913
1.7457210	0.0380626	0.2471313
1.7312263	0.0379995	0.2481461
1.7146610	0.0376952	0.2500458
1.6964687	0.0376706	0.2518768
1.6804949	0.0374553	0.2544327
1.6621547	0.0373969	0.2570496
1.6518014	0.0373600	0.2590485
1.6367151	0.0372493	0.2628174
1.6208893	0.0371325	0.2660904
1.6111276	0.0371386	0.2694168
1.5955976	0.0369603	0.2732925
1.5813987	0.0367251	0.2770309
1.5642417	0.0366052	0.2824326
1.5491554	0.0364807	0.2868042
1.5386542	0.0365975	0.2913132
1.5200182	0.0364207	0.2978287
1.5062630	0.0363807	0.3027267
1.4894019	0.0363500	0.3088837
1.4774216	0.0360963	0.3144836
1.4611520	0.0359272	0.3209763
1.4462137	0.0359119	0.3283997
1.4269860	0.0357474	0.3347092
1.4144141	0.0356413	0.3426895
1.3999194	0.0356459	0.3503036
1.3861643	0.0355660	0.3581696
1.3685636	0.0356075	0.3657379
1.3545126	0.0354015	0.3722534
1.3428282	0.0352739	0.3805389
1.3301083	0.0350740	0.3871994
1.3105849	0.0349895	0.3961105
1.3018585	0.0348742	0.4032059
1.2845537	0.0348803	0.4104004
1.2636991	0.0349203	0.4181595
1.2481691	0.0347281	0.4245300
1.2376678	0.0348250	0.4326172
1.2191797	0.0345329	0.4372406
1.2029102	0.0344406	0.4427338
1.1918173	0.0342762	0.4480515
1.1736250	0.0342977	0.4518433
1.1653423	0.0342362	0.4570618
1.1478896	0.0339564	0.4583206
1.1365009	0.0340732	0.4622574
1.1180128	0.0341393	0.4637146
1.1049972	0.0338165	0.4659729
1.0862132	0.0337289	0.4664917
1.0708311	0.0335075	0.4657364
1.0576676	0.0333630	0.4667587
1.0368130	0.0334491	0.4653931
1.0235016	0.0333691	0.4659348
1.0101901	0.0332292	0.4631348
0.9964350	0.0331923	0.4617767
0.9809050	0.0329479	0.4599991
0.9674456	0.0327404	0.4574509
0.9491054	0.0326497	0.4537201
0.9406749	0.0325282	0.4505615
0.9249970	0.0325282	0.4484634
0.9076921	0.0324006	0.4473419
0.8902393	0.0322915	0.4456177
0.8745614	0.0321962	0.4433212
0.8667224	0.0320009	0.4401474
0.8497134	0.0317011	0.4386444
0.8298941	0.0314844	0.4384613
0.8114060	0.0312323	0.4386597
0.7972072	0.0313107	0.4403839
0.7880371	0.0311262	0.4409332
0.7695490	0.0311369	0.4440002
0.7559417	0.0307757	0.4478760
0.7387847	0.0305574	0.4518356
0.7244380	0.0303729	0.4577103
0.7126056	0.0301976	0.4644318
0.6973714	0.0298948	0.4722366
0.6815456	0.0297257	0.4813385
0.6649802	0.0298210	0.4948273
0.6507814	0.0295489	0.5073471
0.6374699	0.0294797	0.5227890
0.6228273	0.0292076	0.5383759
0.6101075	0.0289893	0.5575485
0.5876260	0.0287280	0.5788727
0.5777164	0.0285158	0.5998764
0.5593762	0.0283098	0.6237793
0.5429587	0.0283759	0.6471176
0.5309784	0.0281392	0.6713409
0.5151526	0.0280961	0.6906052
0.5034681	0.0278548	0.7072983
0.4880860	0.0276426	0.7183075
0.4725560	0.0273859	0.7129059
0.4595404	0.0271076	0.6978149
0.4444541	0.0271491	0.6655960
0.4299594	0.0267971	0.6128311
0.4157605	0.0266387	0.5393524
0.4040761	0.0262851	0.4514923
0.3870670	0.0254027	0.3554001
0.3660645	0.0246433	0.2635956
0.3512740	0.0235072	0.1890717
0.3378147	0.0217285	0.1407242
0.3247991	0.0208107	0.1134338
0.3074942	0.0194594	0.1003799
0.2934432	0.0179313	0.0945511
0.2792444	0.0168813	0.0929031
0.2616437	0.0144601	0.0934143
0.2477406	0.0125399	0.0916748
0.2308795	0.0100710	0.0858536
0.2150537	0.0075682	0.0839233
0.2072147	0.0060155	0.0836334
0.1909452	0.0038003	0.0835495
0.1802960	0.0022476	0.0835419
0.1632870	0.0005058	0.0835571
0.1442072	-0.0021200	0.0839386
0.1258670	-0.0045136	0.0834961
0.1103370	-0.0069472	0.0835724
0.0973214	-0.0092685	0.0836029
0.0803123	-0.0110626	0.0835342
0.0727692	-0.0125676	0.0840073
0.0692195	-0.0126060	0.0840302
0.0417092	-0.0163802	0.0890961
0.0241085	-0.0184740	0.0941315
0.0119803	-0.0204187	0.0924530
-0.0035497	-0.0218684	0.0935287
-0.0161216	-0.0235441	0.0979691
-0.0298768	-0.0249861	0.1095810
-0.0482170	-0.0257994	0.1334763
-0.0647823	-0.0264373	0.1797256
-0.0789812	-0.0270000	0.2489090
-0.0973214	-0.0273874	0.3396606
-0.1101891	-0.0277840	0.4400177
-0.1273461	-0.0282253	0.5299606
-0.1409533	-0.0284820	0.6046829
-0.1579624	-0.0286757	0.6600342
-0.1696469	-0.0289970	0.6931534
-0.1860643	-0.0289893	0.7088547
-0.1983404	-0.0290677	0.7080002
-0.2115039	-0.0292061	0.7009125
-0.2271819	-0.0293383	0.6866608
-0.2435993	-0.0296657	0.6685944
-0.2588335	-0.0298625	0.6433258
-0.2765821	-0.0300931	0.6213608
-0.2891540	-0.0304221	0.5976639
-0.3051277	-0.0301469	0.5779190
-0.3224326	-0.0304544	0.5566101
-0.3375189	-0.0304697	0.5374908
-0.3506824	-0.0306619	0.5205917
-0.3656208	-0.0309525	0.5067291
-0.3790801	-0.0311077	0.4932480
-0.3953497	-0.0314490	0.4828796
-0.4098443	-0.0315735	0.4732666
-0.4238953	-0.0316320	0.4646149
-0.4401648	-0.0317626	0.4571991
-0.4537721	-0.0319748	0.4520187
-0.4675272	-0.0319179	0.4480743
-0.4830573	-0.0323653	0.4443817
-0.4972561	-0.0325851	0.4420013
-0.5157442	-0.0327788	0.4411774
-0.5280203	-0.0328295	0.4398575
-0.5487270	-0.0328541	0.4403152
-0.5657361	-0.0330386	0.4420547
-0.5794912	-0.0331324	0.4428024
-0.5876260	-0.0331800	0.4447708
-0.6068536	-0.0333999	0.4470062
-0.6200171	-0.0336320	0.4486160
-0.6349555	-0.0337796	0.4517822
-0.6506334	-0.0340333	0.4543762
-0.6655718	-0.0340440	0.4564819
-0.6816935	-0.0340871	0.4586487
-0.6953007	-0.0341839	0.4613419
-0.7131972	-0.0341762	0.4622116
-0.7211841	-0.0342608	0.4645233
-0.7377494	-0.0346067	0.4656906
-0.7528357	-0.0347097	0.4662781
-0.7722112	-0.0347128	0.4674911
-0.7927700	-0.0349111	0.4673920
-0.8013485	-0.0348726	0.4666443
-0.8130330	-0.0349280	0.4657516
-0.8294504	-0.0350694	0.4626846
-0.8432056	-0.0351324	0.4604416
-0.8565170	-0.0352124	0.4575272
-0.8714554	-0.0354030	0.4531479
-0.8859501	-0.0356029	0.4501114
-0.9073963	-0.0356351	0.4460220
-0.9173059	-0.0356367	0.4394531
-0.9318006	-0.0356136	0.4338760
-0.9449641	-0.0357136	0.4266357
-0.9606420	-0.0357013	0.4203796
-0.9776511	-0.0360072	0.4138718
-0.9956955	-0.0360902	0.4072876
-1.0112255	-0.0362009	0.3980179
-1.0232058	-0.0364499	0.3917542
-1.0433208	-0.0364238	0.3835831
-1.0538221	-0.0364146	0.3778763
-1.0681688	-0.0364053	0.3700790
-1.0814803	-0.0364853	0.3612671
-1.0961229	-0.0365821	0.3549271
-1.1128361	-0.0367958	0.3473740
-1.1289577	-0.0368773	0.3414917
-1.1404943	-0.0370649	0.3332901
-1.1564680	-0.0371002	0.3263016
-1.1721460	-0.0372155	0.3194733
-1.1824993	-0.0372171	0.3126373
-1.2020227	-0.0373938	0.3073196
-1.2203629	-0.0374277	0.3011627
-1.2345618	-0.0375814	0.2968216
-1.2499439	-0.0376444	0.2915955
-1.2666572	-0.0377459	0.2858734
-1.2789333	-0.0379350	0.2811127
-1.2923926	-0.0380887	0.2760239
-1.3054082	-0.0379580	0.2724533
-1.3247838	-0.0380641	0.2679291
-1.3351371	-0.0381594	0.2652969
-1.3460821	-0.0384116	0.2618256
-1.3667887	-0.0386037	0.2574997
-1.3795086	-0.0386621	0.2553711
-1.3969613	-0.0387820	0.2533035
-1.4098291	-0.0386944	0.2512360
-1.4253591	-0.0388743	0.2488098
-1.4462137	-0.0390526	0.2473679
-1.4601167	-0.0390419	0.2458954
-1.4686952	-0.0390941	0.2441788
-1.4914725	-0.0392940	0.2433929
-1.5034528	-0.0394385	0.2430191
-1.5189828	-0.0395784	0.2425232
-1.5319985	-0.0396675	0.2423477
-1.5473806	-0.0396552	0.2431870
-1.5663124	-0.0397413	0.2425461
-1.5778490	-0.0396583	0.2427979
-1.5916041	-0.0399719	0.2426987
-1.6056551	-0.0401580	0.2425537
-1.6194102	-0.0403009	0.2421112
-1.6358277	-0.0403655	0.2419739
-1.6532804	-0.0403901	0.2416153
-1.6723602	-0.0404670	0.2410660
-1.6833051	-0.0405069	0.2400665
-1.6983914	-0.0405146	0.2390289
-1.7114071	-0.0407406	0.2383957
-1.7294514	-0.0408451	0.2359467
-1.7421713	-0.0409681	0.2343063
-1.7606594	-0.0411388	0.2329788
-1.7735271	-0.0410788	0.2313995
-1.7866906	-0.0409850	0.2297668
-1.8010374	-0.0410496	0.2272873
-1.8149405	-0.0411572	0.2252655
-1.8323932	-0.0412971	0.2229004
-1.8470358	-0.0415277	0.2205811
-1.8612347	-0.0415569	0.2184067
-1.8807581	-0.0417337	0.2169037
-1.8946612	-0.0417660	0.2143936
-1.9138888	-0.0417937	0.2128220
-1.9252775	-0.0418444	0.2111664
-1.9399201	-0.0417860	0.2085342
-1.9520483	-0.0420335	0.2068253
-1.9660992	-0.0423256	0.2049942
-1.9829604	-0.0423655	0.2035828
-1.9976029	-0.0425777	0.2015076
-2.0086958	-0.0425777	0.1998901
-2.0270360	-0.0424163	0.1974869
-2.0433055	-0.0425961	0.1964722
-2.0575044	-0.0426684	0.1941147
-2.0715554	-0.0428129	0.1933670
-2.0819087	-0.0428729	0.1919250
-2.1058693	-0.0431158	0.1895981
-2.1191807	-0.0432234	0.1886597
-2.1335275	-0.0430942	0.1870956
-2.1526072	-0.0431296	0.1853943
-2.1625169	-0.0433018	0.1845016
-2.1790822	-0.0433218	0.1828461
-2.1928374	-0.0435447	0.1816101
-2.2067404	-0.0436753	0.1803436
-2.2191644	-0.0438475	0.1791306
-2.2383920	-0.0439275	0.1782990
-2.2530346	-0.0439044	0.1766891
-2.2651628	-0.0440182	0.1757278
-2.2827635	-0.0440735	0.1743011
-2.2947438	-0.0441781	0.1736908
-2.3089427	-0.0440904	0.1728592
-2.3278745	-0.0444302	0.1718445
-2.3453273	-0.0444640	0.1712494
-2.3552369	-0.0445624	0.1703949
-2.3743166	-0.0447868	0.1691818
-2.3864448	-0.0448514	0.1685562
-2.3990167	-0.0448944	0.1677780
-2.4179485	-0.0448960	0.1669617
-2.4309642	-0.0449544	0.1665192
-2.4454588	-0.0448637	0.1658478
-2.4611368	-0.0452388	0.1651154
-2.4771105	-0.0453357	0.1642151
-2.4899782	-0.0455309	0.1632156
-2.5035855	-0.0454832	0.1626053
-2.5143825	-0.0455370	0.1622925
-2.5355329	-0.0455309	0.1614380
-2.5452946	-0.0456708	0.1610031
-2.5671845	-0.0457830	0.1601257
-2.5815313	-0.0459352	0.1597519
-2.5927721	-0.0461105	0.1587830
-2.6090416	-0.0461812	0.1582413
-2.6284171	-0.0463288	0.1572952
-2.6378831	-0.0462811	0.1569824
-2.6543005	-0.0462089	0.1560211
-2.6689431	-0.0463457	0.1549683
-2.6841773	-0.0464779	0.1543045
-2.6979324	-0.0466316	0.1530228
-2.7127229	-0.0467346	0.1523438
-2.7286966	-0.0469621	0.1510162
-2.7449662	-0.0469852	0.1503754
-2.7575381	-0.0470390	0.1495667
-2.7714411	-0.0470375	0.1485825
-2.7887460	-0.0471359	0.1479263
-2.8075299	-0.0471558	0.1468506
-2.8171437	-0.0474403	0.1457672
-2.8388858	-0.0475755	0.1445923
-2.8483517	-0.0476693	0.1436386
-2.8631421	-0.0476924	0.1429977
-2.8782284	-0.0477508	0.1420212
-2.8930189	-0.0477554	0.1407471
-2.9081052	-0.0478400	0.1393509
-2.9233394	-0.0478938	0.1383057
-2.9350239	-0.0480106	0.1373749
-2.9549911	-0.0482627	0.1359253
-2.9672672	-0.0483012	0.1350708
-2.9765852	-0.0485317	0.1342773
-3.0008416	-0.0485517	0.1335297
-3.0123781	-0.0485148	0.1327896
-3.0314579	-0.0485118	0.1314926
-3.0425507	-0.0486824	0.1311111
-3.0566017	-0.0489730	0.1297226
-3.0715401	-0.0491943	0.1288147
-3.0906198	-0.0491682	0.1279907
-3.1017127	-0.0494172	0.1266174
-3.1153199	-0.0492066	0.1260605
-3.1323290	-0.0493465	0.1253510
-3.1488943	-0.0493634	0.1242599
-3.1599872	-0.0494557	0.1231003
-3.1741861	-0.0496755	0.1222534
-3.1907514	-0.0498646	0.1215210
-3.2090916	-0.0498969	0.1206894
-3.2243258	-0.0499937	0.1199570
-3.2376372	-0.0501475	0.1189728
-3.2544984	-0.0501874	0.1182098
-3.2627811	-0.0500522	0.1174088
-3.2820087	-0.0502551	0.1164398
-3.2960597	-0.0503735	0.1159439
-3.3102585	-0.0506410	0.1152725
-3.3269718	-0.0507378	0.1143951
-3.3432413	-0.0507393	0.1135635
-3.3574402	-0.0508408	0.1129990
-3.3722307	-0.0508762	0.1119614
-3.3824361	-0.0509530	0.1112061
-3.3982619	-0.0511836	0.1103897
-3.4134961	-0.0512221	0.1095734
-3.4287303	-0.0514434	0.1088791
-3.4510639	-0.0515341	0.1082840
-3.4609736	-0.0515926	0.1075745
-3.4772431	-0.0516464	0.1068802
-3.4914420	-0.0517632	0.1060181
-3.5043097	-0.0517724	0.1053085
-3.5165858	-0.0517847	0.1048279
-3.5331511	-0.0520399	0.1039581
-3.5510476	-0.0522029	0.1032257
-3.5699794	-0.0525011	0.1024933
-3.5825514	-0.0524965	0.1020050
-3.5961586	-0.0524765	0.1014099
-3.6068078	-0.0525611	0.1007538
-3.6236689	-0.0524811	0.1002045
-3.6338743	-0.0526887	0.0995026
-3.6528062	-0.0529485	0.0987625
-3.6668571	-0.0531299	0.0982666
-3.6883033	-0.0531745	0.0975266
-3.7022064	-0.0533712	0.0970993
-3.7161094	-0.0534466	0.0969467
-3.7286813	-0.0533405	0.0962143
-3.7468736	-0.0534927	0.0954437
-3.7572270	-0.0536188	0.0951538
-3.7723133	-0.0538201	0.0947495
-3.7871038	-0.0539308	0.0939560
-3.8035212	-0.0542675	0.0937805
-3.8163889	-0.0541922	0.0932312
-3.8333980	-0.0542168	0.0927887
-3.8441950	-0.0543720	0.0924301
-3.8620915	-0.0543551	0.0920486
-3.8776215	-0.0544320	0.0918579
-3.8949264	-0.0545611	0.0914917
-3.9144498	-0.0547179	0.0909271
-3.9248032	-0.0550454	0.0905151
-3.9406290	-0.0552575	0.0900269
-3.9564548	-0.0550823	0.0895920
-3.9719848	-0.0551899	0.0894699
-3.9870711	-0.0553098	0.0892334
-4.0046718	-0.0554005	0.0889511
-4.0144335	-0.0555604	0.0883331
-4.0283366	-0.0557572	0.0883331
-4.0428313	-0.0558755	0.0875854
-4.0551074	-0.0560585	0.0875015
-4.0703416	-0.0561799	0.0870132
-4.0851320	-0.0561461	0.0872803
-4.0984435	-0.0562307	0.0866699
-4.1200376	-0.0562307	0.0866394
-4.1333490	-0.0563798	0.0863953
-4.1553869	-0.0566273	0.0861206
-4.1684025	-0.0567349	0.0857086
-4.1772768	-0.0569547	0.0855408
-4.1942858	-0.0569963	0.0854034
-4.2089284	-0.0570147	0.0853348
-4.2222398	-0.0570993	0.0851135
-4.2404321	-0.0572914	0.0846863
-4.2509334	-0.0572330	0.0844955
-4.2682383	-0.0575512	0.0843887
-4.2834725	-0.0576773	0.0841293
-4.2956007	-0.0578910	0.0839462
-4.3120181	-0.0578295	0.0838699
-4.3288792	-0.0578848	0.0836868
-4.3451488	-0.0580355	0.0835419
-4.3609746	-0.0581062	0.0831985
-4.3766525	-0.0583737	0.0831146
-4.3941053	-0.0585028	0.0825195
-4.4047544	-0.0585812	0.0822144
-4.4235383	-0.0586596	0.0819397
-4.4362582	-0.0587734	0.0815506
-4.4486822	-0.0587488	0.0817947
-4.4653954	-0.0590332	0.0815735
-4.4757488	-0.0590224	0.0812683
-4.4893560	-0.0591700	0.0809326
-4.5068088	-0.0594175	0.0804062
-4.5254448	-0.0595236	0.0804749
-4.5386083	-0.0596804	0.0801010
-4.5536946	-0.0597557	0.0796585
-4.5684851	-0.0596435	0.0794983
-4.5878606	-0.0598172	0.0797119
-4.5995451	-0.0599617	0.0792236
-4.6162584	-0.0600432	0.0788116
-4.6300135	-0.0602692	0.0784760
-4.6434729	-0.0603983	0.0783768
-4.6544178	-0.0605490	0.0779419
-4.6763077	-0.0605951	0.0777817
-4.6875485	-0.0605951	0.0775299
-4.7017474	-0.0607458	0.0772705
-4.7209750	-0.0607427	0.0767822
-4.7299972	-0.0610256	0.0765152
-4.7478937	-0.0613008	0.0761642
-4.7622405	-0.0613284	0.0759277
-4.7822076	-0.0615298	0.0757751
-4.7967023	-0.0615221	0.0757065
-4.8129718	-0.0614253	0.0754013
-4.8245084	-0.0616943	0.0750351
-4.8366366	-0.0618234	0.0747223
-4.8527582	-0.0621094	0.0745087
-4.8730212	-0.0622570	0.0741425
-4.8813039	-0.0623261	0.0738602
-4.8983129	-0.0623800	0.0735626
-4.9092579	-0.0625060	0.0735474
-4.9317394	-0.0625429	0.0733795
-4.9434239	-0.0625690	0.0731277
-4.9554042	-0.0627120	0.0728149
-4.9733007	-0.0629503	0.0726471
-4.9842456	-0.0630764	0.0724106
-4.9991840	-0.0632009	0.0721664
-5.0234404	-0.0633977	0.0719757
-5.0306878	-0.0634499	0.0720215
-5.0521340	-0.0635022	0.0716171
-5.0638185	-0.0635760	0.0715103
-5.0759467	-0.0637128	0.0714264
-5.0917725	-0.0639327	0.0712280
-5.1053797	-0.0641048	0.0709534
-5.1249032	-0.0642709	0.0707626
-5.1398416	-0.0643846	0.0706100
-5.1506386	-0.0645122	0.0705795
-5.1667602	-0.0645307	0.0704117
-5.1790363	-0.0646106	0.0701752
-5.1948622	-0.0647659	0.0701904
-5.2092089	-0.0648766	0.0698929
-5.2268096	-0.0650810	0.0699997
-5.2396773	-0.0653101	0.0696335
-5.2600882	-0.0654715	0.0695343
-5.2754703	-0.0655315	0.0694275
-5.2881901	-0.0655146	0.0694427
-5.3037201	-0.0656960	0.0691605
-5.3174753	-0.0657528	0.0690842
-5.3309346	-0.0657728	0.0691452
-5.3460209	-0.0659788	0.0688629
-5.3575575	-0.0661618	0.0686035
-5.3741228	-0.0663785	0.0686493
-5.3902445	-0.0665369	0.0684738
-5.4084368	-0.0666245	0.0684967
-5.4233752	-0.0667198	0.0683823
-5.4359471	-0.0666937	0.0682373
-5.4498501	-0.0668320	0.0683060
-5.4687819	-0.0670181	0.0680084
-5.4825371	-0.0672548	0.0680161
-5.4971797	-0.0674639	0.0678711
-5.5124139	-0.0676560	0.0678558
-5.5276481	-0.0675146	0.0678177
-5.5430302	-0.0676776	0.0676880
-5.5547147	-0.0677975	0.0676346
-5.5689135	-0.0679189	0.0675964
-5.5868100	-0.0681757	0.0676041
-5.6002694	-0.0683494	0.0672073
-5.6149119	-0.0684293	0.0674286
-5.6294066	-0.0686861	0.0674057
-5.6439013	-0.0687737	0.0672989
-5.6619457	-0.0687937	0.0671463
-5.6751092	-0.0688229	0.0672150
-5.6900476	-0.0690489	0.0670700
-5.7055776	-0.0690765	0.0667496
-5.7240657	-0.0693117	0.0669708
-5.7372293	-0.0694978	0.0668335
-5.7499491	-0.0696669	0.0669098
-5.7671060	-0.0699144	0.0669556
-5.7847067	-0.0699205	0.0668411
-5.7955038	-0.0699836	0.0668640
-5.8110338	-0.0700481	0.0667648
-5.8249368	-0.0701142	0.0669479
-5.8398752	-0.0705862	0.0666122
-5.8543699	-0.0706815	0.0663528
-5.8684209	-0.0707445	0.0666351
-5.8849862	-0.0709352	0.0664902
-5.8974102	-0.0709136	0.0666885
-5.9219624	-0.0708983	0.0663300
-5.9321679	-0.0712119	0.0665359
-5.9453314	-0.0712872	0.0664825
-5.9598261	-0.0714625	0.0664825
-5.9712147	-0.0716838	0.0663071
-5.9905903	-0.0718529	0.0663986
-6.0074514	-0.0718837	0.0663528
-6.0201712	-0.0720482	0.0663376
-6.0330390	-0.0720543	0.0661697
-6.0510834	-0.0722081	0.0660095
-6.0648385	-0.0722680	0.0660095
-6.0769667	-0.0724955	0.0661163
-6.0920530	-0.0726969	0.0660248
-6.1086183	-0.0728445	0.0660477
-6.1228172	-0.0730321	0.0660477
-6.1364245	-0.0730874	0.0662384
-6.1555042	-0.0730736	0.0660324
-6.1691114	-0.0730613	0.0661011
-6.1837540	-0.0733026	0.0660324
-6.1992840	-0.0735932	0.0660019
-6.2115601	-0.0737869	0.0657654
-6.2312315	-0.0739206	0.0661011
-6.2452824	-0.0740067	0.0659027
-6.2590376	-0.0741420	0.0658112
-6.2730885	-0.0741451	0.0660934
-6.2853646	-0.0742112	0.0660172
-6.3013384	-0.0744203	0.0658112
-6.3184953	-0.0745448	0.0660782
-6.3340253	-0.0747523	0.0658340
-6.3464493	-0.0748968	0.0656052
-6.3636063	-0.0750798	0.0656738
-6.3849046	-0.0751490	0.0659180
-6.3945184	-0.0751736	0.0660095
-6.4127107	-0.0752981	0.0657425
-6.4248389	-0.0754134	0.0658798
-6.4417001	-0.0755487	0.0658875
-6.4520534	-0.0758146	0.0656128
-6.4681750	-0.0759053	0.0657959
-6.4838530	-0.0762082	0.0656662
-6.4973123	-0.0761421	0.0657349
-6.5152088	-0.0762881	0.0657425
-6.5249705	-0.0763942	0.0657730
-6.5446418	-0.0764880	0.0657578
-6.5555868	-0.0766617	0.0654449
-6.5690462	-0.0768431	0.0656204
-6.5912319	-0.0770199	0.0653839
-6.6036559	-0.0771767	0.0656128
-6.6208128	-0.0771444	0.0655670
-6.6356033	-0.0773704	0.0657272
-6.6446255	-0.0774273	0.0656662
-6.6668113	-0.0776271	0.0656815
-6.6759814	-0.0777609	0.0655823
-6.6983150	-0.0780699	0.0655746
-6.7083725	-0.0781929	0.0656128
-6.7207965	-0.0783666	0.0655289
-6.7367703	-0.0784388	0.0654297
-6.7520045	-0.0783681	0.0652542
-6.7667949	-0.0785618	0.0654297
-6.7817333	-0.0786863	0.0655746
-6.7971154	-0.0787924	0.0653839
-6.8114622	-0.0789738	0.0653000
-6.8300982	-0.0791890	0.0649948
-6.8456282	-0.0794227	0.0652618
-6.8623415	-0.0793366	0.0653610
-6.8784631	-0.0794412	0.0655975
-6.8868937	-0.0796579	0.0651245
-6.9062692	-0.0796518	0.0651855
-6.9175100	-0.0799162	0.0651093
-6.9334837	-0.0802175	0.0652695
-6.9485700	-0.0803620	0.0653381
-6.9609940	-0.0804220	0.0651245
-6.9762282	-0.0805434	0.0650482
-6.9890959	-0.0807310	0.0653229
-7.0075840	-0.0807602	0.0651779
-7.0197122	-0.0808109	0.0651550
-7.0334674	-0.0809969	0.0651703
-7.0510681	-0.0812737	0.0651474
-7.0741412	-0.0814028	0.0651703
-7.0844946	-0.0815381	0.0653687
-7.1003204	-0.0816595	0.0650482
-7.1149630	-0.0817456	0.0654602
-7.1281265	-0.0818778	0.0653305
-7.1405505	-0.0819639	0.0652237
-7.1584470	-0.0821745	0.0650787
-7.1720542	-0.0824190	0.0653839
-7.1877322	-0.0825481	0.0650940
-7.2029664	-0.0827249	0.0652390
-7.2146508	-0.0827925	0.0652695
-7.2318078	-0.0829294	0.0651855
-7.2457109	-0.0830493	0.0650482
-7.2612409	-0.0830969	0.0652390
-7.2804685	-0.0834090	0.0652695
-7.2959985	-0.0834167	0.0650024
-7.3093099	-0.0838195	0.0649567
-7.3251358	-0.0838810	0.0653610
-7.3400742	-0.0839317	0.0652084
-7.3517586	-0.0839163	0.0650558
-7.3689156	-0.0841100	0.0654449
-7.3826707	-0.0842514	0.0653305
-7.3970175	-0.0843360	0.0652847
-7.4103290	-0.0847188	0.0649948
-7.4264506	-0.0848648	0.0651627
-7.4425722	-0.0850616	0.0653381
-7.4552920	-0.0850739	0.0650482
-7.4690472	-0.0851861	0.0651932
-7.4808796	-0.0852661	0.0652924
-7.5001072	-0.0852399	0.0652008
-7.5168204	-0.0855797	0.0652924
-7.5367876	-0.0857273	0.0649567
-7.5434433	-0.0859164	0.0651779
-7.5656291	-0.0861316	0.0648956
-7.5776093	-0.0862023	0.0652466
-7.5906250	-0.0862607	0.0651550
-7.6058592	-0.0863530	0.0651855
-7.6210934	-0.0865559	0.0652466
-7.6355880	-0.0866112	0.0654678
-7.6460893	-0.0868849	0.0652542
-7.6639858	-0.0869679	0.0653915
-7.6741912	-0.0872569	0.0651703
-7.6909045	-0.0873000	0.0652542
-7.7033285	-0.0873722	0.0654068
-7.7266974	-0.0875321	0.0656204
-7.7413400	-0.0875598	0.0654373
-7.7543556	-0.0878257	0.0654297
-7.7688503	-0.0880686	0.0652847
-7.7823097	-0.0882393	0.0654678
-7.7985792	-0.0883500	0.0652466
-7.8163278	-0.0884345	0.0652466
-7.8280123	-0.0885114	0.0654602
-7.8413237	-0.0886666	0.0655212
-7.8565579	-0.0887404	0.0654449
-7.8735670	-0.0889664	0.0652618
-7.8880616	-0.0891217	0.0653000
-7.9038875	-0.0894614	0.0655899
-7.9174947	-0.0896305	0.0653152
-7.9368702	-0.0896290	0.0656204
-7.9464840	-0.0897136	0.0654602
-7.9636410	-0.0897704	0.0653763
-7.9778399	-0.0898888	0.0653992
-7.9967717	-0.0901609	0.0657349
-8.0071250	-0.0902655	0.0654144
