2.0279234	0.0399919	0.1469269
2.0209719	0.0398367	0.2354355
2.0152036	0.0398367	0.2392731
2.0063293	0.0397875	0.2412338
1.9971592	0.0398551	0.2424698
1.9909472	0.0396768	0.2432861
1.9851789	0.0397383	0.2443314
1.9795586	0.0396906	0.2447510
1.9689094	0.0395492	0.2451248
1.9597393	0.0395446	0.2450256
1.9505692	0.0393601	0.2463303
1.9440614	0.0394139	0.2462311
1.9337081	0.0394477	0.2469177
1.9270523	0.0393924	0.2474213
1.9230589	0.0394016	0.2473831
1.9130014	0.0392801	0.2476730
1.9061977	0.0391095	0.2476273
1.8993941	0.0391187	0.2481689
1.8946612	0.0390065	0.2487183
1.8859348	0.0390542	0.2486725
1.8755814	0.0390003	0.2486954
1.8730671	0.0389542	0.2482834
1.8616784	0.0389604	0.2481995
1.8556143	0.0388620	0.2482300
1.8486628	0.0387651	0.2484055
1.8356471	0.0386314	0.2490845
1.8323932	0.0386913	0.2478256
1.8251459	0.0386314	0.2482758
1.8196734	0.0387513	0.2485504
1.8093201	0.0385499	0.2481155
1.8019248	0.0387083	0.2490692
1.7952691	0.0384715	0.2487717
1.7905362	0.0383931	0.2485123
1.7855074	0.0383270	0.2490692
1.7727876	0.0381933	0.2496185
1.7648007	0.0382824	0.2500305
1.7594761	0.0382717	0.2506409
1.7495665	0.0382148	0.2513428
1.7437982	0.0382440	0.2516251
1.7353676	0.0380011	0.2520142
1.7301910	0.0379734	0.2535629
1.7208730	0.0379181	0.2538223
1.7090406	0.0378058	0.2553177
1.7025328	0.0378689	0.2565079
1.6970603	0.0378212	0.2575150
1.6912920	0.0377951	0.2583389
1.6833051	0.0377751	0.2600021
1.6762057	0.0376798	0.2603836
1.6651128	0.0375768	0.2621384
1.6603799	0.0374692	0.2634430
1.6492870	0.0373093	0.2659073
1.6449978	0.0372078	0.2667084
1.6371588	0.0372555	0.2684631
1.6310947	0.0374031	0.2708893
1.6272492	0.0372724	0.2727509
1.6167480	0.0372970	0.2737732
1.6083174	0.0370618	0.2750092
1.6018096	0.0369173	0.2781677
1.5939706	0.0370280	0.2788467
1.5870191	0.0368143	0.2814941
1.5787364	0.0369065	0.2840424
1.5760741	0.0368835	0.2858124
1.5683831	0.0368204	0.2889175
1.5614315	0.0368373	0.2908630
1.5513740	0.0366298	0.2937927
1.5442746	0.0365160	0.2959824
1.5346608	0.0365575	0.2985077
1.5303715	0.0364807	0.3013687
1.5229763	0.0365637	0.3036728
1.5133625	0.0365898	0.3068542
1.5092211	0.0364299	0.3098526
1.5001989	0.0364791	0.3122940
1.4879228	0.0362424	0.3153381
1.4796402	0.0362439	0.3187714
1.4746114	0.0361317	0.3223190
1.4663287	0.0360717	0.3253708
1.4584898	0.0361671	0.3294449
1.4527215	0.0360226	0.3322144
1.4466574	0.0361040	0.3351898
1.4333459	0.0361056	0.3387451
1.4289088	0.0358827	0.3423157
1.4222531	0.0358673	0.3456192
1.4155974	0.0357320	0.3488693
1.4068710	0.0358104	0.3526382
1.4021380	0.0358396	0.3571777
1.3928200	0.0358857	0.3603592
1.3815792	0.0358473	0.3645096
1.3795086	0.0355245	0.3685608
1.3704864	0.0354968	0.3728409
1.3632390	0.0354184	0.3755112
1.3574707	0.0354045	0.3796768
1.3456384	0.0354491	0.3841858
1.3423844	0.0354399	0.3878021
1.3342497	0.0353677	0.3920288
1.3293688	0.0352539	0.3954315
1.3222694	0.0352846	0.3996506
1.3139867	0.0350909	0.4027252
1.3045208	0.0350002	0.4068604
1.2980130	0.0348988	0.4105835
1.2895824	0.0349510	0.4138412
1.2845537	0.0350448	0.4184189
1.2721296	0.0350233	0.4220734
1.2685799	0.0349649	0.4255829
1.2548248	0.0348634	0.4292145
1.2484649	0.0346835	0.4318466
1.2421050	0.0346174	0.4351349
1.2332307	0.0345836	0.4379578
1.2252438	0.0346436	0.4415665
1.2200671	0.0345421	0.4452362
1.2101575	0.0345421	0.4482956
1.2085306	0.0346267	0.4503098
1.1998042	0.0344483	0.4534607
1.1925568	0.0342300	0.4554749
1.1839783	0.0343084	0.4570084
1.1755478	0.0342331	0.4603882
1.1666735	0.0341655	0.4616547
1.1623842	0.0342085	0.4630356
1.1557285	0.0343146	0.4661560
1.1480375	0.0342823	0.4679794
1.1363530	0.0341163	0.4694748
1.1307326	0.0340440	0.4707413
1.1262955	0.0338903	0.4723053
1.1128361	0.0337980	0.4728241
1.1081032	0.0338027	0.4731445
1.1039618	0.0339318	0.4741669
1.0949396	0.0337857	0.4743423
1.0930169	0.0337734	0.4752960
1.0831072	0.0335844	0.4749680
1.0727539	0.0335398	0.4751663
1.0632880	0.0334921	0.4749374
1.0554490	0.0333968	0.4754639
1.0516035	0.0333768	0.4752350
1.0394753	0.0334506	0.4752350
1.0282345	0.0333430	0.4747543
1.0303052	0.0334153	0.4749680
1.0155147	0.0333368	0.4742279
1.0070841	0.0331416	0.4731522
1.0013159	0.0330048	0.4729843
0.9914062	0.0329279	0.4711990
0.9884481	0.0329510	0.4689484
0.9817924	0.0329802	0.4683685
0.9739535	0.0330309	0.4677200
0.9665582	0.0329295	0.4657822
0.9601983	0.0327127	0.4650269
0.9499929	0.0325882	0.4640884
0.9437809	0.0325989	0.4618607
0.9362377	0.0323637	0.4603806
0.9292862	0.0325159	0.4595947
0.9221868	0.0325067	0.4589310
0.9170101	0.0323991	0.4573212
0.9059172	0.0324237	0.4569550
0.9010364	0.0323299	0.4556732
0.8908309	0.0322238	0.4550095
0.8863938	0.0320993	0.4520340
0.8767800	0.0319363	0.4513397
0.8659829	0.0318595	0.4522247
0.8649476	0.0319594	0.4499969
0.8540026	0.0319240	0.4495316
0.8497134	0.0319410	0.4501038
0.8383247	0.0318149	0.4495392
0.8312253	0.0317350	0.4490967
0.8284151	0.0315290	0.4482956
0.8094833	0.0312430	0.4477615
0.8100749	0.0313306	0.4489746
0.7998694	0.0313722	0.4497604
0.7955802	0.0312307	0.4506912
0.7859664	0.0312200	0.4514465
0.7793107	0.0310770	0.4526596
0.7683657	0.0307787	0.4539948
0.7605268	0.0307680	0.4566498
0.7541668	0.0305558	0.4588928
0.7483986	0.0305758	0.4604950
0.7399680	0.0306711	0.4633331
0.7339039	0.0306035	0.4669266
0.7248817	0.0306004	0.4709778
0.7208883	0.0304605	0.4743881
0.7123098	0.0302499	0.4778900
0.7037313	0.0300162	0.4827347
0.6957444	0.0300039	0.4874649
0.6904199	0.0298702	0.4918289
0.6822851	0.0298794	0.4975815
0.6719317	0.0299424	0.5046616
0.6683820	0.0297703	0.5106354
0.6556622	0.0297902	0.5176163
0.6534436	0.0295089	0.5239868
0.6442735	0.0294459	0.5316772
0.6351034	0.0293214	0.5396576
0.6306663	0.0291569	0.5497665
0.6232711	0.0292383	0.5572128
0.6167632	0.0292030	0.5674973
0.6105512	0.0290831	0.5772476
0.6031560	0.0289401	0.5873108
0.5895487	0.0288540	0.5986862
0.5803786	0.0285834	0.6087875
0.5749062	0.0286096	0.6212845
0.5664756	0.0284328	0.6333084
0.5611510	0.0284712	0.6443024
0.5519809	0.0284128	0.6570129
0.5441420	0.0283821	0.6687241
0.5426629	0.0283452	0.6806183
0.5308305	0.0282114	0.6924133
0.5265413	0.0280546	0.7002716
0.5179628	0.0279670	0.7115250
0.5102717	0.0278117	0.7201004
0.5008058	0.0277887	0.7257309
0.4947417	0.0278548	0.7302933
0.4891213	0.0277963	0.7316742
0.4805429	0.0276119	0.7295227
0.4732955	0.0277318	0.7265396
0.4659003	0.0273674	0.7186737
0.4586529	0.0272460	0.7050247
0.4567302	0.0269539	0.6883316
0.4456373	0.0269155	0.6661987
0.4372067	0.0269370	0.6375427
0.4290720	0.0267463	0.6057816
0.4253744	0.0267310	0.5661011
0.4145773	0.0264573	0.5244446
0.4062946	0.0262190	0.4787903
0.3978641	0.0259884	0.4308395
0.3892856	0.0255903	0.3800507
0.3861796	0.0254381	0.3277130
0.3743472	0.0250768	0.2800293
0.3696142	0.0246310	0.2373581
0.3620711	0.0245910	0.2012634
0.3537884	0.0241621	0.1712875
0.3463932	0.0232735	0.1480713
0.3385542	0.0225602	0.1303253
0.3327859	0.0214595	0.1179810
0.3225805	0.0208430	0.1087189
0.3148894	0.0202896	0.1030960
0.3046840	0.0196501	0.0990448
0.3006906	0.0196270	0.0968628
