V-Bias	14.870	14.551	14.258	13.959	13.642	13.361	13.044	
I-Bias	0.4726	0.4640	0.4533	0.4426	0.4326	0.4223	0.4118	
3.0	1.120e-07	1.108e-07	1.099e-07	1.092e-07	1.085e-07	1.078e-07	1.073e-07	
3.2	1.220e-07	1.210e-07	1.200e-07	1.192e-07	1.181e-07	1.173e-07	1.165e-07	
3.4	1.430e-07	1.420e-07	1.405e-07	1.390e-07	1.380e-07	1.365e-07	1.350e-07	
3.6	1.610e-07	1.595e-07	1.570e-07	1.560e-07	1.545e-07	1.530e-07	1.520e-07	
3.8	1.650e-07	1.635e-07	1.610e-07	1.590e-07	1.570e-07	1.555e-07	1.540e-07	
4.0	1.430e-07	1.410e-07	1.390e-07	1.370e-07	1.355e-07	1.340e-07	1.330e-07	
4.2	1.480e-07	1.460e-07	1.440e-07	1.420e-07	1.400e-07	1.380e-07	1.370e-07	
4.4	1.520e-07	1.500e-07	1.480e-07	1.460e-07	1.440e-07	1.430e-07	1.410e-07	
4.6	1.410e-07	1.390e-07	1.365e-07	1.350e-07	1.330e-07	1.310e-07	1.300e-07	
4.8	1.225e-07	1.210e-07	1.190e-07	1.170e-07	1.155e-07	1.140e-07	1.130e-07	
5.0	1.110e-07	1.095e-07	1.080e-07	1.070e-07	1.050e-07	1.040e-07	1.030e-07	
5.2	1.190e-07	1.180e-07	1.160e-07	1.145e-07	1.130e-07	1.110e-07	1.100e-07	
5.4	1.030e-07	1.020e-07	1.005e-07	9.905e-08	9.760e-08	9.620e-08	9.530e-08	
5.6	1.080e-07	1.070e-07	1.050e-07	1.038e-07	1.025e-07	1.013e-07	1.001e-07	
5.8	9.390e-08	9.280e-08	9.140e-08	9.020e-08	8.905e-08	8.780e-08	8.670e-08	
6.0	9.680e-08	9.560e-08	9.425e-08	9.295e-08	9.160e-08	9.040e-08	8.945e-08	
6.2	9.560e-08	9.425e-08	9.305e-08	9.170e-08	9.045e-08	8.950e-08	8.845e-08	
6.4	9.665e-08	9.540e-08	9.395e-08	9.265e-08	9.130e-08	9.015e-08	8.920e-08	
6.6	9.740e-08	9.625e-08	9.475e-08	9.340e-08	9.210e-08	9.105e-08	8.985e-08	
6.8	9.260e-08	9.150e-08	9.015e-08	8.895e-08	8.780e-08	8.685e-08	8.580e-08	
7.0	9.910e-08	9.770e-08	9.630e-08	9.490e-08	9.365e-08	9.260e-08	9.140e-08	
7.2	1.074e-07	1.060e-07	1.045e-07	1.030e-07	1.017e-07	1.005e-07	9.915e-08	
7.4	1.149e-07	1.135e-07	1.119e-07	1.102e-07	1.086e-07	1.074e-07	1.061e-07	
7.6	1.151e-07	1.138e-07	1.122e-07	1.106e-07	1.093e-07	1.080e-07	1.066e-07	
7.8	1.240e-07	1.220e-07	1.200e-07	1.181e-07	1.166e-07	1.150e-07	1.135e-07	
8.0	1.160e-07	1.140e-07	1.130e-07	1.111e-07	1.097e-07	1.083e-07	1.071e-07	
8.2	1.165e-07	1.150e-07	1.130e-07	1.117e-07	1.104e-07	1.090e-07	1.077e-07	
8.4	1.220e-07	1.205e-07	1.190e-07	1.169e-07	1.153e-07	1.137e-07	1.122e-07	
8.6	1.150e-07	1.135e-07	1.120e-07	1.104e-07	1.092e-07	1.079e-07	1.068e-07	
8.8	1.050e-07	1.040e-07	1.020e-07	1.010e-07	9.955e-08	9.870e-08	9.755e-08	
9.0	1.195e-07	1.180e-07	1.160e-07	1.146e-07	1.131e-07	1.118e-07	1.106e-07	
9.2	9.410e-08	9.300e-08	9.200e-08	9.105e-08	9.005e-08	8.915e-08	8.850e-08	
9.4	9.130e-08	9.025e-08	8.930e-08	8.830e-08	8.745e-08	8.670e-08	8.600e-08	
9.6	9.930e-08	9.820e-08	9.685e-08	9.560e-08	9.465e-08	9.360e-08	9.280e-08	
9.8	7.990e-08	7.910e-08	7.835e-08	7.760e-08	7.700e-08	7.630e-08	7.575e-08	
10.0	7.905e-08	7.830e-08	7.750e-08	7.670e-08	7.605e-08	7.530e-08	7.475e-08	
10.2	7.955e-08	7.875e-08	7.775e-08	7.690e-08	7.625e-08	7.540e-08	7.495e-08	
10.4	7.765e-08	7.695e-08	7.615e-08	7.540e-08	7.485e-08	7.410e-08	7.365e-08	
10.6	8.245e-08	8.165e-08	8.085e-08	7.990e-08	7.925e-08	7.860e-08	7.785e-08	
10.8	9.420e-08	9.330e-08	9.230e-08	9.135e-08	9.075e-08	8.995e-08	8.940e-08	
11.0	9.930e-08	9.855e-08	9.745e-08	9.645e-08	9.570e-08	9.480e-08	9.405e-08	
11.2	9.825e-08	9.735e-08	9.640e-08	9.555e-08	9.480e-08	9.390e-08	9.335e-08	
11.4	9.915e-08	9.835e-08	9.760e-08	9.685e-08	9.610e-08	9.550e-08	9.490e-08	
11.6	9.740e-08	9.640e-08	9.555e-08	9.445e-08	9.380e-08	9.300e-08	9.230e-08	
11.8	8.145e-08	8.085e-08	8.030e-08	7.975e-08	7.930e-08	7.890e-08	7.840e-08	
12.0	8.580e-08	8.500e-08	8.435e-08	8.370e-08	8.315e-08	8.250e-08	8.205e-08	
12.2	9.630e-08	9.550e-08	9.480e-08	9.410e-08	9.345e-08	9.300e-08	9.245e-08	
12.4	9.865e-08	9.815e-08	9.755e-08	9.705e-08	9.660e-08	9.625e-08	9.580e-08	
12.6	9.395e-08	9.325e-08	9.270e-08	9.210e-08	9.160e-08	9.115e-08	9.080e-08	
12.8	9.000e-08	8.925e-08	8.875e-08	8.790e-08	8.745e-08	8.695e-08	8.640e-08	
13.0	7.815e-08	7.750e-08	7.695e-08	7.655e-08	7.615e-08	7.580e-08	7.535e-08	
13.2	8.030e-08	7.970e-08	7.925e-08	7.890e-08	7.855e-08	7.815e-08	7.785e-08	
13.4	7.545e-08	7.480e-08	7.415e-08	7.360e-08	7.310e-08	7.255e-08	7.205e-08	
13.6	8.375e-08	8.320e-08	8.240e-08	8.190e-08	8.125e-08	8.080e-08	8.045e-08	
13.8	5.920e-08	5.870e-08	5.830e-08	5.800e-08	5.765e-08	5.730e-08	5.705e-08	
14.0	7.410e-08	7.335e-08	7.270e-08	7.200e-08	7.140e-08	7.070e-08	7.020e-08	