    0	0.7324
   10	0.7330
   20	0.7330
   30	0.7318
   40	0.7324
   50	0.7324
   60	0.7318
   70	0.7324
   80	0.7324
   90	0.7312
  100	0.7312
  110	0.7330
  120	0.7318
  130	0.7318
  140	0.7324
  150	0.7324
  160	0.7330
  170	0.7330
  180	0.7324
  190	0.7324
  200	0.7324
  210	0.7330
  220	0.7324
  230	0.7324
  240	0.7318
  250	0.7318
  260	0.7318
  270	0.7324
  280	0.7324
  290	0.7312
  300	0.7324
  310	0.7318
  320	0.7324
  330	0.7324
  340	0.7324
  350	0.7318
  360	0.7324
  370	0.7324
  380	0.7324
  390	0.7318
  400	0.7318
  410	0.7312
  420	0.7312
  430	0.7330
  440	0.7318
  450	0.7324
  460	0.7312
  470	0.7324
  480	0.7312
  490	0.7318
  500	0.7324
  510	0.7312
  520	0.7318
  530	0.7318
  540	0.7312
  550	0.7318
  560	0.7312
  570	0.7306
  580	0.7324
  590	0.7330
  600	0.7312
  610	0.7318
  620	0.7318
  630	0.7312
  640	0.7312
  650	0.7330
  660	0.7324
  670	0.7318
  680	0.7324
  690	0.7318
  700	0.7318
  710	0.7318
  720	0.7324
  730	0.7306
  740	0.7324
  750	0.7318
  760	0.7324
  770	0.7330
  780	0.7324
  790	0.7324
  800	0.7324
  810	0.7324
  820	0.7330
  830	0.7343
  840	0.7324
  850	0.7324
  860	0.7318
  870	0.7318
  880	0.7336
  890	0.7312
  900	0.7324
  910	0.7324
  920	0.7324
  930	0.7324
  940	0.7324
  950	0.7312
  960	0.7318
  970	0.7312
  980	0.7324
  990	0.7336
 1000	0.7324
 1010	0.7324
 1020	0.7312
 1030	0.7318
 1040	0.7318
 1050	0.7324
 1060	0.7324
 1070	0.7343
 1080	0.7324
 1090	0.7324
 1100	0.7324
 1110	0.7324
 1120	0.7318
 1130	0.7336
 1140	0.7324
 1150	0.7324
 1160	0.7324
 1170	0.7306
 1180	0.7330
 1190	0.7318
 1200	0.7312
 1210	0.7330
 1220	0.7312
 1230	0.7312
 1240	0.7330
 1250	0.7312
 1260	0.7318
 1270	0.7324
 1280	0.7318
 1290	0.7330
 1300	0.7324
 1310	0.7330
 1320	0.7336
 1330	0.7330
 1340	0.7330
 1350	0.7324
 1360	0.7318
 1370	0.7330
 1380	0.7318
 1390	0.7324
 1400	0.7312
 1410	0.7312
 1420	0.7330
 1430	0.7324
 1440	0.7324
 1450	0.7330
 1460	0.7349
 1470	0.7330
 1480	0.7343
 1490	0.7343
 1500	0.7330
 1510	0.7324
 1520	0.7336
 1530	0.7343
 1540	0.7343
 1550	0.7330
 1560	0.7330
 1570	0.7312
 1580	0.7324
 1590	0.7330
 1600	0.7324
 1610	0.7336
 1620	0.7330
 1630	0.7349
 1640	0.7336
 1650	0.7343
 1660	0.7324
 1670	0.7336
 1680	0.7330
 1690	0.7330
 1700	0.7318
 1710	0.7324
 1720	0.7324
 1730	0.7336
 1740	0.7318
 1750	0.7330
 1760	0.7324
 1770	0.7330
 1780	0.7324
 1790	0.7324
 1800	0.7330
 1810	0.7343
 1820	0.7343
 1830	0.7330
 1840	0.7324
 1850	0.7343
 1860	0.7330
 1870	0.7324
 1880	0.7330
 1890	0.7324
 1900	0.7330
 1910	0.7324
 1920	0.7324
 1930	0.7336
 1940	0.7324
 1950	0.7330
 1960	0.7324
 1970	0.7343
 1980	0.7343
 1990	0.7324
 2000	0.7336
 2010	0.7324
 2020	0.7324
 2030	0.7336
 2040	0.7330
 2050	0.7330
 2060	0.7330
 2070	0.7343
 2080	0.7349
 2090	0.7330
 2100	0.7312
 2110	0.7343
 2120	0.7330
 2130	0.7324
 2140	0.7343
 2150	0.7330
 2160	0.7343
 2170	0.7330
 2180	0.7343
 2190	0.7324
 2200	0.7330
 2210	0.7330
 2220	0.7312
 2230	0.7343
 2240	0.7330
 2250	0.7330
 2260	0.7330
 2270	0.7330
 2280	0.7324
 2290	0.7336
 2300	0.7324
 2310	0.7324
 2320	0.7336
 2330	0.7343
 2340	0.7336
 2350	0.7324
 2360	0.7324
 2370	0.7336
 2380	0.7343
 2390	0.7324
 2400	0.7330
 2410	0.7324
 2420	0.7318
 2430	0.7330
 2440	0.7324
 2450	0.7312
 2460	0.7324
 2470	0.7330
 2480	0.7336
 2490	0.7324
 2500	0.7343
 2510	0.7330
 2520	0.7324
 2530	0.7330
 2540	0.7330
 2550	0.7324
 2560	0.7324
 2570	0.7330
 2580	0.7324
 2590	0.7343
 2600	0.7324
 2610	0.7324
 2620	0.7343
 2630	0.7324
 2640	0.7324
 2650	0.7324
 2660	0.7330
 2670	0.7312
 2680	0.7343
 2690	0.7330
 2700	0.7330
 2710	0.7318
 2720	0.7330
 2730	0.7324
 2740	0.7336
 2750	0.7324
 2760	0.7324
 2770	0.7318
 2780	0.7306
 2790	0.7324
 2800	0.7312
 2810	0.7324
 2820	0.7312
 2830	0.7324
 2840	0.7324
 2850	0.7312
 2860	0.7318
 2870	0.7330
 2880	0.7330
 2890	0.7324
 2900	0.7330
 2910	0.7330
 2920	0.7324
 2930	0.7324
 2940	0.7330
 2950	0.7324
 2960	0.7324
 2970	0.7324
 2980	0.7324
 2990	0.7330
 3000	0.7312
 3010	0.7330
 3020	0.7330
 3030	0.7318
 3040	0.7336
 3050	0.7330
 3060	0.7324
 3070	0.7324
 3080	0.7336
 3090	0.7330
 3100	0.7324
 3110	0.7336
 3120	0.7336
 3130	0.7336
 3140	0.7324
 3150	0.7312
 3160	0.7324
 3170	0.7330
 3180	0.7330
 3190	0.7324
 3200	0.7324
 3210	0.7324
 3220	0.7324
 3230	0.7324
 3240	0.7330
 3250	0.7324
 3260	0.7324
 3270	0.7324
 3280	0.7312
 3290	0.7312
 3300	0.7324
 3310	0.7318
 3320	0.7318
 3330	0.7312
 3340	0.7318
 3350	0.7312
 3360	0.7312
 3370	0.7306
 3380	0.7312
 3390	0.7312
 3400	0.7318
 3410	0.7324
 3420	0.7312
 3430	0.7312
 3440	0.7318
 3450	0.7324
 3460	0.7324
 3470	0.7324
 3480	0.7330
 3490	0.7324
 3500	0.7318
 3510	0.7318
 3520	0.7306
 3530	0.7312
 3540	0.7312
 3550	0.7330
 3560	0.7318
 3570	0.7312
 3580	0.7324
 3590	0.7324
 3600	0.7306
 3610	0.7324
 3620	0.7318
 3630	0.7312
 3640	0.7306
 3650	0.7318
 3660	0.7312
 3670	0.7306
 3680	0.7312
 3690	0.7324
 3700	0.7312
 3710	0.7312
 3720	0.7312
 3730	0.7318
 3740	0.7294
 3750	0.7318
 3760	0.7312
 3770	0.7318
 3780	0.7312
 3790	0.7306
 3800	0.7312
 3810	0.7312
 3820	0.7318
 3830	0.7318
 3840	0.7306
 3850	0.7312
 3860	0.7324
 3870	0.7318
 3880	0.7318
 3890	0.7324
 3900	0.7324
 3910	0.7318
 3920	0.7324
 3930	0.7318
 3940	0.7306
 3950	0.7312
 3960	0.7306
 3970	0.7312
 3980	0.7312
 3990	0.7306
 4000	0.7312
 4010	0.7312
 4020	0.7324
 4030	0.7330
 4040	0.7306
 4050	0.7330
 4060	0.7330
 4070	0.7318
 4080	0.7318
 4090	0.7324
 4100	0.7330
 4110	0.7312
 4120	0.7324
 4130	0.7318
 4140	0.7324
 4150	0.7324
 4160	0.7306
 4170	0.7318
 4180	0.7306
 4190	0.7312
 4200	0.7324
 4210	0.7306
 4220	0.7318
 4230	0.7312
 4240	0.7300
 4250	0.7324
 4260	0.7312
 4270	0.7312
 4280	0.7312
 4290	0.7312
 4300	0.7318
 4310	0.7312
 4320	0.7312
 4330	0.7318
 4340	0.7306
 4350	0.7312
 4360	0.7306
 4370	0.7324
 4380	0.7312
 4390	0.7312
 4400	0.7318
 4410	0.7318
 4420	0.7312
 4430	0.7312
 4440	0.7306
 4450	0.7324
 4460	0.7324
 4470	0.7318
 4480	0.7312
 4490	0.7324
 4500	0.7312
 4510	0.7306
 4520	0.7306
 4530	0.7324
 4540	0.7312
 4550	0.7324
 4560	0.7312
 4570	0.7318
 4580	0.7312
 4590	0.7312
 4600	0.7306
 4610	0.7318
 4620	0.7312
 4630	0.7312
 4640	0.7318
 4650	0.7312
 4660	0.7318
 4670	0.7324
 4680	0.7312
 4690	0.7312
 4700	0.7312
 4710	0.7306
 4720	0.7312
 4730	0.7306
 4740	0.7306
 4750	0.7318
 4760	0.7318
 4770	0.7306
 4780	0.7306
 4790	0.7306
 4800	0.7312
 4810	0.7312
 4820	0.7324
 4830	0.7306
 4840	0.7318
 4850	0.7318
 4860	0.7324
 4870	0.7306
 4880	0.7312
 4890	0.7312
 4900	0.7312
 4910	0.7306
 4920	0.7324
 4930	0.7306
 4940	0.7306
 4950	0.7324
 4960	0.7312
 4970	0.7312
 4980	0.7324
 4990	0.7306
 5000	0.7300
 5010	0.7300
 5020	0.7318
 5030	0.7318
 5040	0.7318
 5050	0.7300
 5060	0.7312
 5070	0.7318
 5080	0.7306
 5090	0.7312
 5100	0.7306
 5110	0.7318
 5120	0.7318
 5130	0.7312
 5140	0.7324
 5150	0.7318
 5160	0.7312
 5170	0.7300
 5180	0.7306
 5190	0.7306
 5200	0.7306
 5210	0.7312
 5220	0.7306
 5230	0.7318
 5240	0.7306
 5250	0.7312
 5260	0.7306
 5270	0.7312
 5280	0.7318
 5290	0.7312
 5300	0.7306
 5310	0.7306
 5320	0.7312
 5330	0.7300
 5340	0.7324
 5350	0.7312
 5360	0.7306
 5370	0.7306
 5380	0.7300
 5390	0.7318
 5400	0.7306
 5410	0.7300
 5420	0.7312
 5430	0.7306
 5440	0.7312
 5450	0.7318
 5460	0.7318
 5470	0.7312
 5480	0.7324
 5490	0.7306
 5500	0.7300
 5510	0.7306
 5520	0.7300
 5530	0.7306
 5540	0.7318
 5550	0.7306
 5560	0.7312
 5570	0.7318
 5580	0.7306
 5590	0.7312
 5600	0.7324
 5610	0.7312
 5620	0.7306
 5630	0.7312
 5640	0.7324
 5650	0.7324
 5660	0.7318
 5670	0.7312
 5680	0.7312
 5690	0.7312
 5700	0.7330
 5710	0.7324
 5720	0.7318
 5730	0.7312
 5740	0.7330
 5750	0.7324
 5760	0.7330
 5770	0.7318
 5780	0.7318
 5790	0.7336
 5800	0.7330
 5810	0.7330
 5820	0.7324
 5830	0.7324
 5840	0.7336
 5850	0.7330
 5860	0.7324
 5870	0.7318
 5880	0.7324
 5890	0.7324
 5900	0.7324
 5910	0.7336
 5920	0.7343
 5930	0.7330
 5940	0.7330
 5950	0.7318
 5960	0.7318
 5970	0.7324
 5980	0.7324
 5990	0.7324
 6000	0.7330
 6010	0.7324
 6020	0.7318
 6030	0.7324
 6040	0.7330
 6050	0.7318
 6060	0.7318
 6070	0.7312
 6080	0.7336
 6090	0.7324
 6100	0.7318
 6110	0.7324
 6120	0.7330
 6130	0.7330
 6140	0.7336
 6150	0.7312
 6160	0.7318
 6170	0.7324
 6180	0.7318
 6190	0.7324
 6200	0.7324
 6210	0.7336
 6220	0.7318
 6230	0.7324
 6240	0.7330
 6250	0.7324
 6260	0.7324
 6270	0.7318
 6280	0.7330
 6290	0.7312
 6300	0.7312
 6310	0.7324
 6320	0.7324
 6330	0.7330
 6340	0.7330
 6350	0.7330
 6360	0.7324
 6370	0.7336
 6380	0.7343
 6390	0.7330
 6400	0.7330
 6410	0.7330
 6420	0.7324
 6430	0.7330
 6440	0.7330
 6450	0.7336
 6460	0.7324
 6470	0.7324
 6480	0.7330
 6490	0.7324
 6500	0.7330
 6510	0.7324
 6520	0.7330
 6530	0.7330
 6540	0.7330
 6550	0.7318
 6560	0.7324
 6570	0.7324
 6580	0.7330
 6590	0.7330
 6600	0.7324
 6610	0.7343
 6620	0.7324
 6630	0.7330
 6640	0.7312
 6650	0.7324
 6660	0.7324
 6670	0.7330
 6680	0.7324
 6690	0.7324
 6700	0.7324
 6710	0.7330
 6720	0.7312
 6730	0.7324
 6740	0.7324
 6750	0.7336
 6760	0.7336
 6770	0.7330
 6780	0.7324
 6790	0.7324
 6800	0.7324
 6810	0.7318
 6820	0.7324
 6830	0.7324
 6840	0.7330
 6850	0.7324
 6860	0.7324
 6870	0.7324
 6880	0.7330
 6890	0.7324
 6900	0.7318
 6910	0.7330
 6920	0.7324
 6930	0.7324
 6940	0.7318
 6950	0.7324
 6960	0.7324
 6970	0.7318
 6980	0.7324
 6990	0.7312
 7000	0.7330
 7010	0.7336
 7020	0.7324
 7030	0.7324
 7040	0.7324
 7050	0.7318
 7060	0.7324
 7070	0.7324
 7080	0.7324
 7090	0.7312
 7100	0.7318
 7110	0.7349
 7120	0.7336
 7130	0.7330
 7140	0.7324
 7150	0.7343
 7160	0.7324
 7170	0.7336
 7180	0.7343
 7190	0.7330
 7200	0.7330
 7210	0.7318
 7220	0.7330
 7230	0.7324
 7240	0.7330
 7250	0.7324
 7260	0.7330
 7270	0.7343
 7280	0.7336
 7290	0.7330
 7300	0.7336
 7310	0.7336
 7320	0.7330
 7330	0.7330
 7340	0.7336
 7350	0.7324
 7360	0.7336
 7370	0.7343
 7380	0.7336
 7390	0.7330
 7400	0.7343
 7410	0.7343
 7420	0.7336
 7430	0.7336
 7440	0.7355
 7450	0.7336
 7460	0.7336
 7470	0.7336
 7480	0.7336
 7490	0.7349
 7500	0.7330
 7510	0.7336
 7520	0.7343
 7530	0.7343
 7540	0.7343
 7550	0.7330
 7560	0.7343
 7570	0.7336
 7580	0.7330
 7590	0.7330
 7600	0.7324
 7610	0.7336
 7620	0.7343
 7630	0.7343
 7640	0.7343
 7650	0.7349
 7660	0.7336
 7670	0.7324
 7680	0.7330
 7690	0.7336
 7700	0.7343
 7710	0.7330
 7720	0.7324
 7730	0.7324
 7740	0.7343
 7750	0.7324
 7760	0.7324
 7770	0.7336
 7780	0.7330
 7790	0.7349
 7800	0.7330
 7810	0.7343
 7820	0.7349
 7830	0.7324
 7840	0.7330
 7850	0.7343
 7860	0.7330
 7870	0.7349
 7880	0.7349
 7890	0.7336
 7900	0.7324
 7910	0.7343
 7920	0.7343
 7930	0.7330
 7940	0.7343
 7950	0.7355
 7960	0.7349
 7970	0.7343
 7980	0.7349
 7990	0.7343
 8000	0.7349
 8010	0.7355
 8020	0.7330
 8030	0.7349
 8040	0.7330
 8050	0.7343
 8060	0.7343
 8070	0.7343
 8080	0.7349
 8090	0.7343
 8100	0.7349
 8110	0.7336
 8120	0.7312
 8130	0.7330
 8140	0.7336
 8150	0.7330
 8160	0.7343
 8170	0.7349
 8180	0.7343
 8190	0.7324
 8200	0.7336
 8210	0.7355
 8220	0.7343
 8230	0.7336
 8240	0.7343
 8250	0.7330
 8260	0.7330
 8270	0.7343
 8280	0.7355
 8290	0.7336
 8300	0.7336
 8310	0.7349
 8320	0.7330
 8330	0.7336
 8340	0.7336
 8350	0.7336
 8360	0.7343
 8370	0.7343
 8380	0.7343
 8390	0.7330
 8400	0.7349
 8410	0.7343
 8420	0.7355
 8430	0.7324
 8440	0.7336
 8450	0.7349
 8460	0.7336
 8470	0.7349
 8480	0.7349
 8490	0.7343
 8500	0.7343
 8510	0.7330
 8520	0.7343
 8530	0.7349
 8540	0.7349
 8550	0.7343
 8560	0.7355
 8570	0.7349
 8580	0.7336
 8590	0.7349
 8600	0.7343
 8610	0.7349
 8620	0.7355
 8630	0.7343
 8640	0.7343
 8650	0.7349
 8660	0.7349
 8670	0.7343
 8680	0.7349
 8690	0.7330
 8700	0.7355
 8710	0.7330
 8720	0.7349
 8730	0.7343
 8740	0.7343
 8750	0.7330
 8760	0.7349
 8770	0.7355
 8780	0.7343
 8790	0.7343
 8800	0.7343
 8810	0.7324
 8820	0.7355
 8830	0.7343
 8840	0.7343
 8850	0.7330
 8860	0.7343
 8870	0.7330
 8880	0.7349
 8890	0.7343
 8900	0.7330
 8910	0.7343
 8920	0.7343
 8930	0.7343
 8940	0.7336
 8950	0.7343
 8960	0.7349
 8970	0.7355
 8980	0.7355
 8990	0.7343
 9000	0.7343
 9010	0.7355
 9020	0.7355
 9030	0.7355
 9040	0.7343
 9050	0.7336
 9060	0.7343
 9070	0.7349
 9080	0.7349
 9090	0.7349
 9100	0.7336
 9110	0.7336
 9120	0.7349
 9130	0.7343
 9140	0.7343
 9150	0.7330
 9160	0.7343
 9170	0.7343
 9180	0.7343
 9190	0.7336
 9200	0.7355
 9210	0.7336
 9220	0.7349
 9230	0.7349
 9240	0.7355
 9250	0.7330
 9260	0.7349
 9270	0.7349
 9280	0.7349
 9290	0.7349
 9300	0.7330
 9310	0.7343
 9320	0.7330
 9330	0.7343
 9340	0.7330
 9350	0.7355
 9360	0.7330
 9370	0.7355
 9380	0.7343
 9390	0.7336
 9400	0.7349
 9410	0.7349
 9420	0.7330
 9430	0.7343
 9440	0.7336
 9450	0.7343
 9460	0.7330
 9470	0.7343
 9480	0.7349
 9490	0.7355
 9500	0.7336
 9510	0.7343
 9520	0.7343
 9530	0.7330
 9540	0.7336
 9550	0.7355
 9560	0.7343
 9570	0.7330
 9580	0.7361
 9590	0.7355
 9600	0.7330
 9610	0.7343
 9620	0.7330
 9630	0.7343
 9640	0.7343
 9650	0.7336
 9660	0.7349
 9670	0.7349
 9680	0.7336
 9690	0.7349
 9700	0.7349
 9710	0.7343
 9720	0.7349
 9730	0.7330
 9740	0.7349
 9750	0.7336
 9760	0.7330
 9770	0.7330
 9780	0.7336
 9790	0.7343
 9800	0.7349
 9810	0.7330
 9820	0.7330
 9830	0.7343
 9840	0.7343
 9850	0.7336
 9860	0.7330
 9870	0.7355
 9880	0.7330
 9890	0.7343
 9900	0.7349
 9910	0.7336
 9920	0.7343
 9930	0.7343
 9940	0.7343
 9950	0.7343
 9960	0.7343
 9970	0.7343
 9980	0.7330
 9990	0.7336
10000	0.7330
10010	0.7343
10020	0.7312
10030	0.7336
10040	0.7343
10050	0.7343
10060	0.7336
10070	0.7343
10080	0.7343
10090	0.7330
10100	0.7336
10110	0.7324
10120	0.7324
10130	0.7330
10140	0.7330
10150	0.7336
10160	0.7330
10170	0.7349
10180	0.7349
10190	0.7336
10200	0.7330
10210	0.7343
10220	0.7343
10230	0.7343
10240	0.7330
10250	0.7330
10260	0.7349
10270	0.7343
10280	0.7343
10290	0.7324
10300	0.7336
10310	0.7324
10320	0.7330
10330	0.7330
10340	0.7343
10350	0.7343
10360	0.7330
10370	0.7349
10380	0.7330
10390	0.7349
10400	0.7343
10410	0.7336
10420	0.7324
10430	0.7330
10440	0.7330
10450	0.7336
10460	0.7343
10470	0.7318
10480	0.7336
10490	0.7343
10500	0.7349
10510	0.7336
10520	0.7330
10530	0.7330
10540	0.7330
10550	0.7324
10560	0.7324
10570	0.7349
10580	0.7324
10590	0.7343
10600	0.7330
10610	0.7330
10620	0.7343
10630	0.7336
10640	0.7355
10650	0.7318
10660	0.7330
10670	0.7330
10680	0.7318
10690	0.7330
10700	0.7330
10710	0.7336
10720	0.7330
10730	0.7324
10740	0.7330
10750	0.7343
10760	0.7324
10770	0.7343
10780	0.7336
10790	0.7324
10800	0.7336
10810	0.7343
10820	0.7324
10830	0.7324
10840	0.7343
10850	0.7324
10860	0.7330
10870	0.7336
10880	0.7324
10890	0.7336
10900	0.7324
10910	0.7324
10920	0.7330
10930	0.7330
10940	0.7336
10950	0.7349
10960	0.7330
10970	0.7330
10980	0.7324
10990	0.7324
11000	0.7324
11010	0.7330
11020	0.7324
11030	0.7330
11040	0.7330
11050	0.7324
11060	0.7324
11070	0.7324
11080	0.7336
11090	0.7336
11100	0.7324
11110	0.7330
11120	0.7324
11130	0.7318
11140	0.7318
11150	0.7330
11160	0.7330
11170	0.7324
11180	0.7330
11190	0.7324
11200	0.7318
11210	0.7336
11220	0.7318
11230	0.7324
11240	0.7343
11250	0.7336
11260	0.7324
11270	0.7324
11280	0.7330
11290	0.7343
11300	0.7330
11310	0.7324
11320	0.7330
11330	0.7324
11340	0.7324
11350	0.7324
11360	0.7343
11370	0.7324
11380	0.7318
11390	0.7336
11400	0.7312
11410	0.7312
11420	0.7324
11430	0.7330
11440	0.7330
11450	0.7330
11460	0.7330
11470	0.7324
11480	0.7330
11490	0.7324
11500	0.7330
11510	0.7343
11520	0.7324
11530	0.7312
11540	0.7312
11550	0.7330
11560	0.7324
11570	0.7318
11580	0.7336
11590	0.7330
11600	0.7324
11610	0.7343
11620	0.7318
11630	0.7324
11640	0.7306
11650	0.7330
11660	0.7306
11670	0.7330
11680	0.7330
11690	0.7324
11700	0.7324
11710	0.7312
11720	0.7324
11730	0.7324
11740	0.7330
11750	0.7318
11760	0.7318
11770	0.7324
11780	0.7330
11790	0.7330
11800	0.7330
11810	0.7330
11820	0.7349
11830	0.7330
11840	0.7343
11850	0.7330
11860	0.7324
11870	0.7343
11880	0.7343
11890	0.7324
11900	0.7330
11910	0.7330
11920	0.7324
11930	0.7324
11940	0.7324
11950	0.7343
11960	0.7330
11970	0.7343
11980	0.7330
11990	0.7336
12000	0.7330
12010	0.7318
12020	0.7336
12030	0.7324
12040	0.7318
12050	0.7324
12060	0.7324
12070	0.7330
12080	0.7330
12090	0.7343
12100	0.7330
12110	0.7330
12120	0.7330
12130	0.7324
12140	0.7324
12150	0.7336
12160	0.7330
12170	0.7318
12180	0.7324
12190	0.7330
12200	0.7330
12210	0.7330
12220	0.7330
12230	0.7324
12240	0.7336
12250	0.7330
12260	0.7330
12270	0.7330
12280	0.7324
12290	0.7324
12300	0.7330
12310	0.7330
12320	0.7324
12330	0.7324
12340	0.7324
12350	0.7324
12360	0.7330
12370	0.7324
12380	0.7324
12390	0.7330
12400	0.7324
12410	0.7324
12420	0.7330
12430	0.7330
12440	0.7324
12450	0.7336
12460	0.7330
12470	0.7330
12480	0.7343
12490	0.7324
12500	0.7324
12510	0.7324
12520	0.7330
12530	0.7330
12540	0.7324
12550	0.7330
12560	0.7330
12570	0.7318
12580	0.7324
12590	0.7324
12600	0.7330
12610	0.7318
12620	0.7349
12630	0.7336
12640	0.7324
12650	0.7330
12660	0.7330
12670	0.7336
12680	0.7343
12690	0.7343
12700	0.7343
12710	0.7355
12720	0.7343
12730	0.7330
12740	0.7343
12750	0.7336
12760	0.7336
12770	0.7355
12780	0.7355
12790	0.7349
12800	0.7355
12810	0.7355
12820	0.7343
12830	0.7343
12840	0.7355
12850	0.7343
12860	0.7355
12870	0.7355
12880	0.7355
12890	0.7349
12900	0.7349
12910	0.7355
12920	0.7349
12930	0.7349
12940	0.7355
12950	0.7349
12960	0.7349
12970	0.7355
12980	0.7343
12990	0.7349
13000	0.7349
13010	0.7355
13020	0.7330
13030	0.7324
13040	0.7336
13050	0.7343
13060	0.7330
13070	0.7336
13080	0.7355
13090	0.7330
13100	0.7330
13110	0.7343
13120	0.7343
13130	0.7330
13140	0.7349
13150	0.7330
13160	0.7330
13170	0.7349
13180	0.7336
13190	0.7336
13200	0.7355
13210	0.7336
13220	0.7343
13230	0.7349
13240	0.7330
13250	0.7349
13260	0.7330
13270	0.7336
13280	0.7324
13290	0.7343
13300	0.7330
13310	0.7330
13320	0.7336
13330	0.7343
13340	0.7330
13350	0.7343
13360	0.7330
13370	0.7349
13380	0.7330
13390	0.7343
13400	0.7330
13410	0.7330
13420	0.7336
13430	0.7330
13440	0.7343
13450	0.7336
13460	0.7343
13470	0.7336
13480	0.7343
13490	0.7343
13500	0.7330
13510	0.7343
13520	0.7330
13530	0.7330
13540	0.7343
13550	0.7330
13560	0.7343
13570	0.7343
13580	0.7330
13590	0.7336
13600	0.7324
13610	0.7330
13620	0.7324
13630	0.7330
13640	0.7324
13650	0.7330
13660	0.7330
13670	0.7318
13680	0.7330
13690	0.7318
13700	0.7318
13710	0.7324
13720	0.7324
13730	0.7324
13740	0.7324
13750	0.7330
13760	0.7330
13770	0.7324
13780	0.7336
13790	0.7330
13800	0.7330
13810	0.7330
13820	0.7336
13830	0.7343
13840	0.7343
13850	0.7330
13860	0.7330
13870	0.7343
13880	0.7324
13890	0.7324
13900	0.7330
13910	0.7324
13920	0.7330
13930	0.7330
13940	0.7330
13950	0.7343
13960	0.7343
13970	0.7355
13980	0.7330
13990	0.7349
14000	0.7343
14010	0.7349
14020	0.7324
14030	0.7349
14040	0.7324
14050	0.7336
14060	0.7355
14070	0.7349
14080	0.7349
14090	0.7343
14100	0.7343
14110	0.7336
14120	0.7324
14130	0.7343
14140	0.7343
14150	0.7343
14160	0.7355
14170	0.7343
14180	0.7343
14190	0.7318
14200	0.7336
14210	0.7336
14220	0.7343
14230	0.7330
14240	0.7343
14250	0.7330
14260	0.7324
14270	0.7336
14280	0.7349
14290	0.7343
14300	0.7324
14310	0.7324
14320	0.7330
14330	0.7324
14340	0.7324
14350	0.7330
14360	0.7324
14370	0.7330
14380	0.7336
14390	0.7324
14400	0.7336
14410	0.7330
14420	0.7324
14430	0.7318
14440	0.7330
14450	0.7336
14460	0.7324
14470	0.7330
14480	0.7330
14490	0.7336
14500	0.7343
14510	0.7324
14520	0.7324
14530	0.7330
14540	0.7330
14550	0.7336
14560	0.7343
14570	0.7330
14580	0.7330
14590	0.7324
14600	0.7324
14610	0.7324
14620	0.7312
14630	0.7330
14640	0.7330
14650	0.7324
14660	0.7336
14670	0.7318
14680	0.7330
14690	0.7324
14700	0.7324
14710	0.7318
14720	0.7324
14730	0.7312
14740	0.7330
14750	0.7330
14760	0.7330
14770	0.7324
14780	0.7324
14790	0.7324
14800	0.7324
14810	0.7330
14820	0.7318
14830	0.7330
14840	0.7330
14850	0.7330
14860	0.7324
14870	0.7324
14880	0.7349
14890	0.7324
14900	0.7324
14910	0.7324
14920	0.7330
14930	0.7318
14940	0.7318
14950	0.7330
14960	0.7324
14970	0.7324
14980	0.7324
14990	0.7336
15000	0.7336
15010	0.7343
15020	0.7330
15030	0.7324
15040	0.7330
15050	0.7330
15060	0.7330
15070	0.7349
15080	0.7330
15090	0.7330
15100	0.7343
15110	0.7330
15120	0.7336
15130	0.7330
15140	0.7343
15150	0.7336
15160	0.7355
15170	0.7336
15180	0.7330
15190	0.7330
15200	0.7330
15210	0.7355
15220	0.7349
15230	0.7343
15240	0.7349
15250	0.7361
15260	0.7349
15270	0.7355
15280	0.7355
15290	0.7349
15300	0.7355
15310	0.7355
15320	0.7355
15330	0.7355
15340	0.7355
15350	0.7355
15360	0.7343
15370	0.7361
15380	0.7349
15390	0.7355
15400	0.7361
15410	0.7367
15420	0.7355
15430	0.7355
15440	0.7355
15450	0.7355
15460	0.7379
15470	0.7361
15480	0.7373
15490	0.7361
15500	0.7355
15510	0.7367
15520	0.7361
15530	0.7373
15540	0.7367
15550	0.7361
15560	0.7373
15570	0.7379
15580	0.7367
15590	0.7367
15600	0.7367
15610	0.7373
15620	0.7379
15630	0.7379
15640	0.7373
15650	0.7379
15660	0.7379
15670	0.7373
15680	0.7379
15690	0.7379
15700	0.7373
15710	0.7373
15720	0.7379
15730	0.7373
15740	0.7373
15750	0.7373
15760	0.7379
15770	0.7391
15780	0.7373
15790	0.7385
15800	0.7379
15810	0.7391
15820	0.7379
15830	0.7391
15840	0.7379
15850	0.7397
15860	0.7391
15870	0.7391
15880	0.7379
15890	0.7397
15900	0.7379
15910	0.7391
15920	0.7397
15930	0.7391
15940	0.7385
15950	0.7379
15960	0.7397
15970	0.7385
15980	0.7385
15990	0.7391
16000	0.7391
16010	0.7379
16020	0.7397
16030	0.7379
16040	0.7385
16050	0.7397
16060	0.7397
16070	0.7391
16080	0.7397
16090	0.7379
16100	0.7385
16110	0.7404
16120	0.7397
16130	0.7391
16140	0.7397
16150	0.7397
16160	0.7404
16170	0.7397
16180	0.7397
16190	0.7397
16200	0.7404
16210	0.7397
16220	0.7391
16230	0.7404
16240	0.7397
16250	0.7397
16260	0.7404
16270	0.7397
16280	0.7397
16290	0.7397
16300	0.7404
16310	0.7404
16320	0.7404
16330	0.7397
16340	0.7397
16350	0.7397
16360	0.7397
16370	0.7397
16380	0.7391
16390	0.7391
16400	0.7397
16410	0.7404
16420	0.7397
16430	0.7397
16440	0.7397
16450	0.7391
16460	0.7379
16470	0.7404
16480	0.7391
16490	0.7391
16500	0.7391
16510	0.7391
16520	0.7404
16530	0.7397
16540	0.7397
16550	0.7391
16560	0.7391
16570	0.7404
16580	0.7391
16590	0.7391
16600	0.7397
16610	0.7397
16620	0.7397
16630	0.7404
16640	0.7397
16650	0.7391
16660	0.7391
16670	0.7385
16680	0.7397
16690	0.7397
16700	0.7397
16710	0.7410
16720	0.7397
16730	0.7397
16740	0.7391
16750	0.7391
16760	0.7397
16770	0.7404
16780	0.7410
16790	0.7391
16800	0.7404
16810	0.7379
16820	0.7397
16830	0.7397
16840	0.7397
16850	0.7410
16860	0.7404
16870	0.7397
16880	0.7397
16890	0.7397
16900	0.7397
16910	0.7404
16920	0.7404
16930	0.7404
16940	0.7397
16950	0.7404
16960	0.7410
16970	0.7404
16980	0.7397
16990	0.7404
17000	0.7404
17010	0.7404
17020	0.7410
17030	0.7410
17040	0.7416
17050	0.7416
17060	0.7416
17070	0.7416
17080	0.7428
17090	0.7416
17100	0.7422
17110	0.7404
17120	0.7416
17130	0.7404
17140	0.7422
17150	0.7410
17160	0.7404
17170	0.7416
17180	0.7422
17190	0.7416
17200	0.7422
17210	0.7416
17220	0.7422
17230	0.7422
17240	0.7422
17250	0.7410
17260	0.7422
17270	0.7410
17280	0.7422
17290	0.7428
17300	0.7422
17310	0.7416
17320	0.7428
17330	0.7410
17340	0.7428
17350	0.7422
17360	0.7422
17370	0.7422
17380	0.7416
17390	0.7428
17400	0.7422
17410	0.7422
17420	0.7422
17430	0.7422
17440	0.7440
17450	0.7428
17460	0.7422
17470	0.7422
17480	0.7428
17490	0.7410
17500	0.7416
17510	0.7428
17520	0.7422
17530	0.7428
17540	0.7434
17550	0.7422
17560	0.7422
17570	0.7422
17580	0.7428
17590	0.7440
17600	0.7422
17610	0.7428
17620	0.7434
17630	0.7422
17640	0.7434
17650	0.7440
17660	0.7440
17670	0.7428
17680	0.7440
17690	0.7428
17700	0.7434
17710	0.7416
17720	0.7434
17730	0.7422
17740	0.7440
17750	0.7446
17760	0.7434
17770	0.7428
17780	0.7446
17790	0.7422
17800	0.7440
17810	0.7434
17820	0.7428
17830	0.7428
17840	0.7440
17850	0.7440
17860	0.7434
17870	0.7422
17880	0.7428
17890	0.7440
17900	0.7422
17910	0.7428
17920	0.7428
17930	0.7416
17940	0.7422
17950	0.7440
17960	0.7440
17970	0.7434
17980	0.7440
17990	0.7422
18000	0.7428
18010	0.7422
18020	0.7434
18030	0.7434
18040	0.7422
18050	0.7422
18060	0.7446
18070	0.7428
18080	0.7428
18090	0.7428
18100	0.7422
18110	0.7422
18120	0.7434
18130	0.7434
18140	0.7428
18150	0.7440
18160	0.7422
18170	0.7428
18180	0.7440
18190	0.7434
18200	0.7440
18210	0.7428
18220	0.7440
18230	0.7434
18240	0.7440
18250	0.7428
18260	0.7428
18270	0.7428
18280	0.7428
18290	0.7434
18300	0.7446
18310	0.7446
18320	0.7440
18330	0.7422
18340	0.7428
18350	0.7446
18360	0.7428
18370	0.7422
18380	0.7440
18390	0.7434
18400	0.7440
18410	0.7440
18420	0.7428
18430	0.7434
18440	0.7446
18450	0.7440
18460	0.7428
18470	0.7422
18480	0.7434
18490	0.7440
18500	0.7428
18510	0.7434
18520	0.7446
18530	0.7446
18540	0.7440
18550	0.7434
18560	0.7434
18570	0.7422
18580	0.7434
18590	0.7440
18600	0.7440
18610	0.7440
18620	0.7422
18630	0.7440
18640	0.7428
18650	0.7428
18660	0.7434
18670	0.7428
18680	0.7440
18690	0.7428
18700	0.7440
18710	0.7428
18720	0.7422
18730	0.7428
18740	0.7440
18750	0.7446
18760	0.7440
18770	0.7440
18780	0.7428
18790	0.7434
18800	0.7428
18810	0.7434
18820	0.7434
18830	0.7440
18840	0.7422
18850	0.7422
18860	0.7440
18870	0.7428
18880	0.7428
18890	0.7446
18900	0.7446
18910	0.7440
18920	0.7428
18930	0.7446
18940	0.7446
18950	0.7428
18960	0.7434
18970	0.7440
18980	0.7446
18990	0.7452
19000	0.7440
19010	0.7440
19020	0.7446
19030	0.7446
19040	0.7446
19050	0.7440
19060	0.7440
19070	0.7440
19080	0.7440
19090	0.7446
19100	0.7452
19110	0.7428
19120	0.7434
19130	0.7458
19140	0.7440
19150	0.7446
19160	0.7446
19170	0.7446
19180	0.7440
19190	0.7428
19200	0.7440
19210	0.7446
19220	0.7434
19230	0.7452
19240	0.7434
19250	0.7452
19260	0.7440
19270	0.7446
19280	0.7446
19290	0.7440
19300	0.7440
19310	0.7428
19320	0.7440
19330	0.7428
19340	0.7446
19350	0.7446
19360	0.7446
19370	0.7428
19380	0.7440
19390	0.7446
19400	0.7446
19410	0.7440
19420	0.7440
19430	0.7440
19440	0.7446
19450	0.7446
19460	0.7452
19470	0.7452
19480	0.7440
19490	0.7446
19500	0.7446
19510	0.7446
19520	0.7440
19530	0.7440
19540	0.7440
19550	0.7440
19560	0.7452
19570	0.7446
19580	0.7446
19590	0.7440
19600	0.7440
19610	0.7446
19620	0.7434
19630	0.7446
19640	0.7428
19650	0.7440
19660	0.7428
19670	0.7428
19680	0.7434
19690	0.7440
19700	0.7440
19710	0.7440
19720	0.7440
19730	0.7446
19740	0.7440
19750	0.7440
19760	0.7434
19770	0.7434
19780	0.7440
19790	0.7452
19800	0.7446
19810	0.7440
19820	0.7446
19830	0.7440
19840	0.7440
19850	0.7440
19860	0.7440
19870	0.7440
19880	0.7440
19890	0.7458
19900	0.7434
19910	0.7440
19920	0.7440
19930	0.7440
19940	0.7434
19950	0.7440
19960	0.7434
19970	0.7428
19980	0.7440
19990	0.7440
20000	0.7440
20010	0.7428
20020	0.7434
20030	0.7440
20040	0.7428
20050	0.7446
20060	0.7434
20070	0.7440
20080	0.7440
20090	0.7446
20100	0.7428
20110	0.7440
20120	0.7428
20130	0.7440
20140	0.7446
20150	0.7440
20160	0.7440
20170	0.7434
20180	0.7428
20190	0.7440
20200	0.7440
20210	0.7428
20220	0.7440
20230	0.7434
20240	0.7446
20250	0.7434
20260	0.7446
20270	0.7446
20280	0.7446
20290	0.7440
20300	0.7440
20310	0.7428
20320	0.7446
20330	0.7446
20340	0.7446
20350	0.7452
20360	0.7440
20370	0.7446
20380	0.7440
20390	0.7446
20400	0.7446
20410	0.7446
20420	0.7434
20430	0.7440
20440	0.7446
20450	0.7434
20460	0.7440
20470	0.7434
20480	0.7440
20490	0.7440
20500	0.7440
20510	0.7440
20520	0.7452
20530	0.7446
20540	0.7434
20550	0.7440
20560	0.7440
20570	0.7428
20580	0.7446
20590	0.7446
20600	0.7440
20610	0.7428
20620	0.7434
20630	0.7440
20640	0.7440
20650	0.7428
20660	0.7446
20670	0.7440
20680	0.7440
20690	0.7440
20700	0.7440
20710	0.7446
20720	0.7446
20730	0.7434
20740	0.7446
20750	0.7452
20760	0.7428
20770	0.7440
20780	0.7440
20790	0.7440
20800	0.7446
20810	0.7434
20820	0.7440
20830	0.7428
20840	0.7446
20850	0.7440
20860	0.7452
20870	0.7446
20880	0.7434
20890	0.7446
20900	0.7440
20910	0.7446
20920	0.7446
20930	0.7428
20940	0.7440
20950	0.7428
20960	0.7434
20970	0.7446
20980	0.7434
20990	0.7440
21000	0.7440
21010	0.7440
21020	0.7440
21030	0.7440
21040	0.7452
21050	0.7446
21060	0.7446
21070	0.7452
21080	0.7440
21090	0.7440
21100	0.7440
21110	0.7446
21120	0.7446
21130	0.7428
21140	0.7428
21150	0.7434
21160	0.7434
21170	0.7440
21180	0.7422
21190	0.7428
21200	0.7428
21210	0.7428
21220	0.7428
21230	0.7428
21240	0.7428
21250	0.7422
21260	0.7422
21270	0.7428
21280	0.7446
21290	0.7434
21300	0.7440
21310	0.7434
21320	0.7440
21330	0.7446
21340	0.7440
21350	0.7422
21360	0.7434
21370	0.7428
21380	0.7440
21390	0.7422
21400	0.7428
21410	0.7434
21420	0.7428
21430	0.7428
21440	0.7428
21450	0.7440
21460	0.7428
21470	0.7428
21480	0.7440
21490	0.7422
21500	0.7422
21510	0.7428
21520	0.7422
21530	0.7422
21540	0.7428
21550	0.7428
21560	0.7428
21570	0.7428
21580	0.7416
21590	0.7434
21600	0.7440
21610	0.7428
21620	0.7422
21630	0.7440
21640	0.7428
21650	0.7434
21660	0.7440
21670	0.7440
21680	0.7428
21690	0.7440
21700	0.7446
21710	0.7440
21720	0.7428
21730	0.7434
21740	0.7428
21750	0.7422
21760	0.7440
21770	0.7434
21780	0.7434
21790	0.7422
21800	0.7428
21810	0.7428
21820	0.7422
21830	0.7440
21840	0.7422
21850	0.7422
21860	0.7428
21870	0.7428
21880	0.7428
21890	0.7434
21900	0.7422
21910	0.7428
21920	0.7440
21930	0.7422
21940	0.7422
21950	0.7428
21960	0.7434
21970	0.7446
21980	0.7434
21990	0.7428
22000	0.7434
22010	0.7428
22020	0.7428
22030	0.7428
22040	0.7416
22050	0.7440
22060	0.7422
22070	0.7428
22080	0.7422
22090	0.7428
22100	0.7422
22110	0.7434
22120	0.7440
22130	0.7428
22140	0.7422
22150	0.7428
22160	0.7440
22170	0.7428
22180	0.7422
22190	0.7434
22200	0.7428
22210	0.7422
22220	0.7434
22230	0.7422
22240	0.7416
22250	0.7428
22260	0.7422
22270	0.7428
22280	0.7440
22290	0.7422
22300	0.7440
22310	0.7422
22320	0.7428
22330	0.7428
22340	0.7422
22350	0.7428
22360	0.7428
22370	0.7440
22380	0.7434
22390	0.7428
22400	0.7422
22410	0.7434
22420	0.7434
22430	0.7428
22440	0.7428
22450	0.7422
22460	0.7434
22470	0.7422
22480	0.7434
22490	0.7428
22500	0.7428
22510	0.7440
22520	0.7428
22530	0.7446
22540	0.7428
22550	0.7422
22560	0.7440
22570	0.7422
22580	0.7440
22590	0.7428
22600	0.7422
22610	0.7428
22620	0.7422
22630	0.7428
22640	0.7428
22650	0.7434
22660	0.7446
22670	0.7440
22680	0.7428
22690	0.7440
22700	0.7428
22710	0.7440
22720	0.7452
22730	0.7446
22740	0.7434
22750	0.7446
22760	0.7446
22770	0.7434
22780	0.7440
22790	0.7428
22800	0.7440
22810	0.7440
22820	0.7440
22830	0.7452
22840	0.7452
22850	0.7446
22860	0.7440
22870	0.7440
22880	0.7446
22890	0.7434
22900	0.7446
22910	0.7452
22920	0.7440
22930	0.7452
22940	0.7434
22950	0.7452
22960	0.7440
22970	0.7440
22980	0.7446
22990	0.7446
23000	0.7446
23010	0.7458
23020	0.7428
23030	0.7440
23040	0.7434
23050	0.7452
23060	0.7440
23070	0.7440
23080	0.7440
23090	0.7446
23100	0.7428
23110	0.7440
23120	0.7440
23130	0.7446
23140	0.7428
23150	0.7446
23160	0.7428
23170	0.7440
23180	0.7446
23190	0.7446
23200	0.7440
23210	0.7428
23220	0.7446
23230	0.7446
23240	0.7422
23250	0.7440
23260	0.7446
23270	0.7440
23280	0.7440
23290	0.7446
23300	0.7428
23310	0.7434
23320	0.7452
23330	0.7446
23340	0.7440
23350	0.7446
23360	0.7428
23370	0.7446
23380	0.7434
23390	0.7440
23400	0.7428
23410	0.7428
23420	0.7440
23430	0.7446
23440	0.7434
23450	0.7434
23460	0.7446
23470	0.7440
23480	0.7440
23490	0.7428
23500	0.7440
23510	0.7434
23520	0.7446
23530	0.7446
23540	0.7434
23550	0.7446
23560	0.7446
23570	0.7428
23580	0.7440
23590	0.7428
23600	0.7428
23610	0.7428
23620	0.7428
23630	0.7428
23640	0.7446
23650	0.7422
23660	0.7416
23670	0.7428
23680	0.7428
23690	0.7446
23700	0.7416
23710	0.7440
23720	0.7428
23730	0.7422
23740	0.7446
23750	0.7422
23760	0.7446
23770	0.7422
23780	0.7428
23790	0.7434
23800	0.7422
23810	0.7434
23820	0.7428
23830	0.7422
23840	0.7434
23850	0.7428
23860	0.7440
23870	0.7428
23880	0.7422
23890	0.7422
23900	0.7434
23910	0.7440
23920	0.7428
23930	0.7440
23940	0.7428
23950	0.7440
23960	0.7428
23970	0.7428
23980	0.7422
23990	0.7422
24000	0.7428
24010	0.7428
24020	0.7422
24030	0.7428
24040	0.7428
24050	0.7428
24060	0.7428
24070	0.7428
24080	0.7416
24090	0.7428
24100	0.7422
24110	0.7416
24120	0.7416
24130	0.7428
24140	0.7428
24150	0.7416
24160	0.7410
24170	0.7428
24180	0.7434
24190	0.7422
24200	0.7416
24210	0.7422
24220	0.7422
24230	0.7410
24240	0.7422
24250	0.7422
24260	0.7404
24270	0.7422
24280	0.7422
24290	0.7428
24300	0.7416
24310	0.7422
24320	0.7422
24330	0.7422
24340	0.7428
24350	0.7422
24360	0.7422
24370	0.7416
24380	0.7422
24390	0.7410
24400	0.7428
24410	0.7422
24420	0.7416
24430	0.7416
24440	0.7416
24450	0.7422
24460	0.7422
24470	0.7422
24480	0.7428
24490	0.7428
24500	0.7428
24510	0.7422
24520	0.7428
24530	0.7416
24540	0.7422
24550	0.7416
24560	0.7410
24570	0.7434
24580	0.7422
24590	0.7434
24600	0.7422
24610	0.7410
24620	0.7428
24630	0.7416
24640	0.7428
24650	0.7422
24660	0.7416
24670	0.7416
24680	0.7422
24690	0.7422
24700	0.7410
24710	0.7416
24720	0.7416
24730	0.7422
24740	0.7416
24750	0.7404
24760	0.7428
24770	0.7410
24780	0.7428
24790	0.7410
24800	0.7410
24810	0.7416
24820	0.7422
24830	0.7416
24840	0.7422
24850	0.7416
24860	0.7410
24870	0.7422
24880	0.7422
24890	0.7416
24900	0.7404
24910	0.7410
24920	0.7404
24930	0.7422
24940	0.7404
24950	0.7416
24960	0.7410
24970	0.7404
24980	0.7404
24990	0.7410
25000	0.7422
25010	0.7397
25020	0.7422
25030	0.7422
25040	0.7422
25050	0.7410
25060	0.7416
25070	0.7397
25080	0.7416
25090	0.7422
25100	0.7410
25110	0.7410
25120	0.7410
25130	0.7410
25140	0.7410
25150	0.7410
25160	0.7416
25170	0.7410
25180	0.7410
25190	0.7422
25200	0.7422
25210	0.7410
25220	0.7410
25230	0.7422
25240	0.7422
25250	0.7410
25260	0.7416
25270	0.7422
25280	0.7410
25290	0.7410
25300	0.7404
25310	0.7428
25320	0.7410
25330	0.7422
25340	0.7422
25350	0.7404
25360	0.7410
25370	0.7404
25380	0.7410
25390	0.7404
25400	0.7404
25410	0.7410
25420	0.7416
25430	0.7416
25440	0.7416
25450	0.7397
25460	0.7410
25470	0.7422
25480	0.7410
25490	0.7410
25500	0.7422
25510	0.7410
25520	0.7416
25530	0.7416
25540	0.7422
25550	0.7410
25560	0.7428
25570	0.7416
25580	0.7422
25590	0.7422
25600	0.7422
25610	0.7422
25620	0.7422
25630	0.7416
25640	0.7422
25650	0.7440
25660	0.7422
25670	0.7422
25680	0.7428
25690	0.7422
25700	0.7410
25710	0.7422
25720	0.7422
25730	0.7428
25740	0.7422
25750	0.7428
25760	0.7422
25770	0.7422
25780	0.7440
25790	0.7416
25800	0.7422
25810	0.7410
25820	0.7422
25830	0.7422
25840	0.7410
25850	0.7428
25860	0.7434
25870	0.7422
25880	0.7422
25890	0.7422
25900	0.7416
25910	0.7428
25920	0.7416
25930	0.7428
25940	0.7422
25950	0.7428
25960	0.7422
25970	0.7428
25980	0.7422
25990	0.7422
26000	0.7422
26010	0.7428
26020	0.7428
26030	0.7422
26040	0.7410
26050	0.7422
26060	0.7410
26070	0.7422
26080	0.7422
26090	0.7404
26100	0.7416
26110	0.7410
26120	0.7422
26130	0.7410
26140	0.7410
26150	0.7422
26160	0.7422
26170	0.7416
26180	0.7416
26190	0.7422
26200	0.7428
26210	0.7422
26220	0.7404
26230	0.7422
26240	0.7422
26250	0.7422
26260	0.7416
26270	0.7410
26280	0.7428
26290	0.7416
26300	0.7440
26310	0.7422
26320	0.7416
26330	0.7404
26340	0.7410
26350	0.7428
26360	0.7410
26370	0.7416
26380	0.7410
26390	0.7410
26400	0.7428
26410	0.7422
26420	0.7410
26430	0.7410
26440	0.7410
26450	0.7422
26460	0.7416
26470	0.7422
26480	0.7404
26490	0.7410
26500	0.7404
26510	0.7422
26520	0.7422
26530	0.7422
26540	0.7404
26550	0.7428
26560	0.7410
26570	0.7440
26580	0.7410
26590	0.7410
26600	0.7422
26610	0.7410
26620	0.7410
26630	0.7397
26640	0.7397
26650	0.7416
26660	0.7416
26670	0.7416
26680	0.7404
26690	0.7404
26700	0.7410
26710	0.7416
26720	0.7422
26730	0.7410
26740	0.7428
26750	0.7410
26760	0.7410
26770	0.7404
26780	0.7397
26790	0.7422
26800	0.7397
26810	0.7416
26820	0.7422
26830	0.7397
26840	0.7410
26850	0.7404
26860	0.7404
26870	0.7410
26880	0.7410
26890	0.7404
26900	0.7404
26910	0.7404
26920	0.7404
26930	0.7397
26940	0.7410
26950	0.7404
26960	0.7404
26970	0.7404
26980	0.7416
26990	0.7422
27000	0.7422
27010	0.7404
27020	0.7422
27030	0.7422
27040	0.7404
27050	0.7404
27060	0.7404
27070	0.7410
27080	0.7410
27090	0.7422
27100	0.7416
27110	0.7404
27120	0.7410
27130	0.7404
27140	0.7410
27150	0.7404
27160	0.7410
27170	0.7404
27180	0.7404
27190	0.7397
27200	0.7404
27210	0.7422
27220	0.7404
27230	0.7416
27240	0.7397
27250	0.7410
27260	0.7404
27270	0.7410
27280	0.7404
27290	0.7397
27300	0.7404
27310	0.7404
27320	0.7397
27330	0.7410
27340	0.7404
27350	0.7416
27360	0.7404
27370	0.7404
27380	0.7410
27390	0.7410
27400	0.7404
27410	0.7404
27420	0.7410
27430	0.7404
27440	0.7404
27450	0.7397
27460	0.7404
27470	0.7404
27480	0.7397
27490	0.7404
27500	0.7404
27510	0.7404
27520	0.7410
27530	0.7410
27540	0.7404
27550	0.7410
27560	0.7397
27570	0.7404
27580	0.7410
27590	0.7416
27600	0.7410
27610	0.7397
27620	0.7404
27630	0.7404
27640	0.7410
27650	0.7404
27660	0.7410
27670	0.7404
27680	0.7404
27690	0.7410
27700	0.7404
27710	0.7397
27720	0.7410
27730	0.7404
27740	0.7404
27750	0.7404
27760	0.7404
27770	0.7404
27780	0.7410
27790	0.7410
27800	0.7422
27810	0.7416
27820	0.7397
27830	0.7404
27840	0.7404
27850	0.7404
27860	0.7404
27870	0.7397
27880	0.7404
27890	0.7410
27900	0.7397
27910	0.7404
27920	0.7397
27930	0.7410
27940	0.7410
27950	0.7410
27960	0.7416
27970	0.7404
27980	0.7422
27990	0.7397
28000	0.7410
28010	0.7410
28020	0.7404
28030	0.7410
28040	0.7404
28050	0.7404
28060	0.7404
28070	0.7422
28080	0.7410
28090	0.7410
28100	0.7422
28110	0.7422
28120	0.7410
28130	0.7410
28140	0.7422
28150	0.7422
28160	0.7404
28170	0.7422
28180	0.7410
28190	0.7416
28200	0.7410
28210	0.7422
28220	0.7422
28230	0.7410
28240	0.7422
28250	0.7422
28260	0.7416
28270	0.7422
28280	0.7422
28290	0.7422
28300	0.7410
28310	0.7410
28320	0.7428
28330	0.7422
28340	0.7410
28350	0.7422
28360	0.7416
28370	0.7428
28380	0.7428
28390	0.7422
28400	0.7422
28410	0.7422
28420	0.7410
28430	0.7422
28440	0.7422
28450	0.7422
28460	0.7422
28470	0.7416
28480	0.7422
28490	0.7434
28500	0.7404
28510	0.7428
28520	0.7422
28530	0.7422
28540	0.7422
28550	0.7404
28560	0.7428
28570	0.7410
28580	0.7422
28590	0.7422
28600	0.7422
28610	0.7422
28620	0.7404
28630	0.7422
28640	0.7422
28650	0.7416
28660	0.7410
28670	0.7410
28680	0.7428
28690	0.7404
28700	0.7422
28710	0.7410
28720	0.7416
28730	0.7410
28740	0.7416
28750	0.7422
28760	0.7410
28770	0.7410
28780	0.7404
28790	0.7416
28800	0.7416
28810	0.7410
28820	0.7428
28830	0.7422
28840	0.7416
28850	0.7416
28860	0.7422
28870	0.7422
28880	0.7404
28890	0.7416
28900	0.7416
28910	0.7422
28920	0.7422
28930	0.7404
28940	0.7404
28950	0.7428
28960	0.7416
28970	0.7404
28980	0.7422
28990	0.7416
29000	0.7422
29010	0.7397
29020	0.7416
29030	0.7416
29040	0.7422
29050	0.7410
29060	0.7422
29070	0.7410
29080	0.7397
29090	0.7404
29100	0.7397
29110	0.7410
29120	0.7410
29130	0.7422
29140	0.7422
29150	0.7422
29160	0.7422
29170	0.7404
29180	0.7410
29190	0.7410
29200	0.7404
29210	0.7422
29220	0.7410
29230	0.7404
29240	0.7422
29250	0.7422
29260	0.7416
29270	0.7416
29280	0.7422
29290	0.7422
29300	0.7404
29310	0.7410
29320	0.7404
29330	0.7404
29340	0.7422
29350	0.7404
29360	0.7404
29370	0.7410
29380	0.7410
29390	0.7410
29400	0.7404
29410	0.7397
29420	0.7410
29430	0.7416
29440	0.7404
29450	0.7416
29460	0.7397
29470	0.7404
29480	0.7422
29490	0.7404
29500	0.7397
29510	0.7397
29520	0.7422
29530	0.7404
29540	0.7410
29550	0.7404
29560	0.7404
29570	0.7416
29580	0.7410
29590	0.7416
29600	0.7397
29610	0.7410
29620	0.7410
29630	0.7410
29640	0.7422
29650	0.7404
29660	0.7416
29670	0.7404
29680	0.7410
29690	0.7404
29700	0.7397
29710	0.7410
29720	0.7404
29730	0.7397
29740	0.7422
29750	0.7410
29760	0.7404
29770	0.7410
29780	0.7397
29790	0.7422
29800	0.7410
29810	0.7410
29820	0.7416
29830	0.7410
29840	0.7410
29850	0.7416
29860	0.7410
29870	0.7422
29880	0.7410
29890	0.7404
29900	0.7404
29910	0.7410
29920	0.7397
29930	0.7416
29940	0.7416
29950	0.7416
29960	0.7404
29970	0.7422
29980	0.7397
29990	0.7416
30000	0.7397
30010	0.7397
30020	0.7416
30030	0.7404
30040	0.7422
30050	0.7404
30060	0.7410
30070	0.7410
30080	0.7404
30090	0.7404
30100	0.7416
30110	0.7410
30120	0.7397
30130	0.7404
30140	0.7404
30150	0.7404
30160	0.7404
30170	0.7410
30180	0.7410
30190	0.7404
30200	0.7410
30210	0.7410
30220	0.7397
30230	0.7410
30240	0.7410
30250	0.7422
30260	0.7410
30270	0.7410
30280	0.7422
30290	0.7404
30300	0.7404
30310	0.7404
30320	0.7416
30330	0.7410
30340	0.7410
30350	0.7416
30360	0.7410
30370	0.7404
30380	0.7416
30390	0.7410
30400	0.7410
30410	0.7416
30420	0.7410
30430	0.7416
30440	0.7410
30450	0.7422
30460	0.7416
30470	0.7410
30480	0.7410
30490	0.7410
30500	0.7404
30510	0.7416
30520	0.7422
30530	0.7416
30540	0.7410
30550	0.7404
30560	0.7422
30570	0.7410
30580	0.7422
30590	0.7410
30600	0.7428
30610	0.7410
30620	0.7410
30630	0.7410
30640	0.7428
30650	0.7404
30660	0.7422
30670	0.7422
30680	0.7422
30690	0.7416
30700	0.7416
30710	0.7422
30720	0.7422
30730	0.7422
30740	0.7422
30750	0.7428
30760	0.7434
30770	0.7416
30780	0.7422
30790	0.7416
30800	0.7416
30810	0.7428
30820	0.7422
30830	0.7422
30840	0.7422
30850	0.7422
30860	0.7422
30870	0.7422
30880	0.7410
30890	0.7410
30900	0.7422
30910	0.7404
30920	0.7422
30930	0.7416
30940	0.7404
30950	0.7422
30960	0.7410
30970	0.7416
30980	0.7410
30990	0.7422
31000	0.7410
31010	0.7416
31020	0.7422
31030	0.7428
31040	0.7422
31050	0.7410
31060	0.7416
31070	0.7422
31080	0.7416
31090	0.7422
31100	0.7404
31110	0.7416
31120	0.7404
31130	0.7428
31140	0.7410
31150	0.7404
31160	0.7410
31170	0.7404
31180	0.7422
31190	0.7416
31200	0.7404
31210	0.7410
31220	0.7410
31230	0.7397
31240	0.7422
31250	0.7416
31260	0.7416
31270	0.7416
31280	0.7410
31290	0.7404
31300	0.7397
31310	0.7416
31320	0.7422
31330	0.7404
31340	0.7428
31350	0.7410
31360	0.7416
31370	0.7410
31380	0.7404
31390	0.7416
31400	0.7410
31410	0.7404
31420	0.7404
31430	0.7416
31440	0.7416
31450	0.7410
31460	0.7404
31470	0.7410
31480	0.7410
31490	0.7404
31500	0.7404
31510	0.7404
31520	0.7404
31530	0.7404
31540	0.7422
31550	0.7404
31560	0.7404
31570	0.7404
31580	0.7404
31590	0.7410
31600	0.7404
31610	0.7397
31620	0.7404
31630	0.7416
31640	0.7422
31650	0.7428
31660	0.7410
31670	0.7410
31680	0.7410
31690	0.7422
31700	0.7422
31710	0.7410
31720	0.7410
31730	0.7416
31740	0.7410
31750	0.7410
31760	0.7410
31770	0.7422
31780	0.7404
31790	0.7416
31800	0.7410
31810	0.7410
31820	0.7397
31830	0.7404
31840	0.7397
31850	0.7404
31860	0.7404
31870	0.7404
31880	0.7397
31890	0.7397
31900	0.7404
31910	0.7410
31920	0.7397
31930	0.7404
31940	0.7410
31950	0.7416
31960	0.7404
31970	0.7397
31980	0.7416
31990	0.7410
32000	0.7410
32010	0.7410
32020	0.7422
32030	0.7416
32040	0.7410
32050	0.7404
32060	0.7410
32070	0.7410
32080	0.7404
32090	0.7410
32100	0.7416
32110	0.7391
32120	0.7404
32130	0.7397
32140	0.7404
32150	0.7422
32160	0.7416
32170	0.7404
32180	0.7410
32190	0.7410
32200	0.7410
32210	0.7404
32220	0.7422
32230	0.7404
32240	0.7404
32250	0.7422
32260	0.7404
32270	0.7410
32280	0.7410
32290	0.7404
32300	0.7397
32310	0.7410
32320	0.7410
32330	0.7397
32340	0.7416
32350	0.7410
32360	0.7422
32370	0.7404
32380	0.7410
32390	0.7404
32400	0.7416
32410	0.7422
32420	0.7428
32430	0.7410
32440	0.7410
32450	0.7410
32460	0.7422
32470	0.7416
32480	0.7410
32490	0.7410
32500	0.7404
32510	0.7416
32520	0.7404
32530	0.7416
32540	0.7422
32550	0.7410
32560	0.7410
32570	0.7404
32580	0.7422
32590	0.7422
32600	0.7416
32610	0.7416
32620	0.7404
32630	0.7410
32640	0.7410
32650	0.7397
32660	0.7416
32670	0.7410
32680	0.7410
32690	0.7404
32700	0.7404
32710	0.7416
32720	0.7416
32730	0.7404
32740	0.7416
32750	0.7410
32760	0.7404
32770	0.7416
32780	0.7416
32790	0.7410
32800	0.7428
32810	0.7416
32820	0.7422
32830	0.7404
32840	0.7404
32850	0.7422
32860	0.7397
32870	0.7404
32880	0.7422
32890	0.7397
32900	0.7410
32910	0.7416
32920	0.7404
32930	0.7416
32940	0.7416
32950	0.7404
32960	0.7410
32970	0.7416
32980	0.7404
32990	0.7410
33000	0.7416
33010	0.7404
33020	0.7404
33030	0.7416
33040	0.7416
33050	0.7410
33060	0.7410
33070	0.7410
33080	0.7410
33090	0.7404
33100	0.7397
33110	0.7410
33120	0.7410
33130	0.7416
33140	0.7410
33150	0.7410
33160	0.7404
33170	0.7404
33180	0.7410
33190	0.7416
33200	0.7410
33210	0.7422
33220	0.7397
33230	0.7404
33240	0.7416
33250	0.7410
33260	0.7404
33270	0.7410
33280	0.7410
33290	0.7410
33300	0.7404
33310	0.7404
33320	0.7404
33330	0.7404
33340	0.7410
33350	0.7391
33360	0.7416
33370	0.7410
33380	0.7404
33390	0.7397
33400	0.7404
33410	0.7404
33420	0.7391
33430	0.7404
33440	0.7391
33450	0.7397
33460	0.7404
33470	0.7397
33480	0.7397
33490	0.7397
33500	0.7385
33510	0.7404
33520	0.7404
33530	0.7404
33540	0.7397
33550	0.7397
33560	0.7391
33570	0.7397
33580	0.7397
33590	0.7397
33600	0.7404
33610	0.7410
33620	0.7397
33630	0.7385
33640	0.7410
33650	0.7410
33660	0.7397
33670	0.7397
33680	0.7416
33690	0.7404
33700	0.7404
33710	0.7397
33720	0.7397
33730	0.7397
33740	0.7404
33750	0.7397
33760	0.7397
33770	0.7404
33780	0.7397
33790	0.7404
33800	0.7404
33810	0.7391
33820	0.7404
33830	0.7404
33840	0.7410
33850	0.7391
33860	0.7391
33870	0.7397
33880	0.7404
33890	0.7404
33900	0.7397
33910	0.7410
33920	0.7397
33930	0.7404
33940	0.7397
33950	0.7416
33960	0.7397
33970	0.7410
33980	0.7404
33990	0.7397
34000	0.7404
34010	0.7404
34020	0.7410
34030	0.7404
34040	0.7410
34050	0.7397
34060	0.7404
34070	0.7416
34080	0.7422
34090	0.7410
34100	0.7397
34110	0.7416
34120	0.7410
34130	0.7410
34140	0.7410
34150	0.7422
34160	0.7410
34170	0.7410
34180	0.7422
34190	0.7416
34200	0.7404
34210	0.7410
34220	0.7410
34230	0.7404
34240	0.7422
34250	0.7410
34260	0.7410
34270	0.7416
34280	0.7410
34290	0.7397
34300	0.7410
34310	0.7416
34320	0.7422
34330	0.7404
34340	0.7410
34350	0.7397
34360	0.7416
34370	0.7404
34380	0.7410
34390	0.7422
34400	0.7404
34410	0.7422
34420	0.7416
34430	0.7410
34440	0.7410
34450	0.7410
34460	0.7422
34470	0.7404
34480	0.7404
34490	0.7416
34500	0.7410
34510	0.7410
34520	0.7422
34530	0.7422
34540	0.7404
34550	0.7410
34560	0.7404
34570	0.7416
34580	0.7422
34590	0.7397
34600	0.7422
34610	0.7404
34620	0.7416
34630	0.7404
34640	0.7410
34650	0.7410
34660	0.7416
34670	0.7410
34680	0.7416
34690	0.7422
34700	0.7404
34710	0.7410
34720	0.7410
34730	0.7404
34740	0.7404
34750	0.7410
34760	0.7404
34770	0.7404
34780	0.7397
34790	0.7404
34800	0.7404
34810	0.7404
34820	0.7410
34830	0.7404
34840	0.7404
34850	0.7410
34860	0.7404
34870	0.7410
34880	0.7416
34890	0.7410
34900	0.7404
34910	0.7404
34920	0.7416
34930	0.7397
34940	0.7410
34950	0.7404
34960	0.7410
34970	0.7404
34980	0.7397
34990	0.7410
35000	0.7404
35010	0.7428
35020	0.7410
35030	0.7410
35040	0.7410
35050	0.7404
35060	0.7410
35070	0.7404
35080	0.7410
35090	0.7410
35100	0.7397
35110	0.7404
35120	0.7397
35130	0.7404
35140	0.7397
35150	0.7416
35160	0.7416
35170	0.7410
35180	0.7410
35190	0.7410
35200	0.7404
35210	0.7410
35220	0.7391
35230	0.7410
35240	0.7397
35250	0.7410
35260	0.7410
35270	0.7404
35280	0.7404
35290	0.7404
35300	0.7410
35310	0.7410
35320	0.7404
35330	0.7397
35340	0.7404
35350	0.7410
35360	0.7397
35370	0.7410
35380	0.7391
35390	0.7397
35400	0.7404
35410	0.7397
35420	0.7404
35430	0.7397
35440	0.7410
35450	0.7391
35460	0.7397
35470	0.7397
35480	0.7404
35490	0.7391
35500	0.7410
35510	0.7404
35520	0.7404
35530	0.7397
35540	0.7410
35550	0.7410
35560	0.7397
35570	0.7397
35580	0.7391
35590	0.7404
35600	0.7410
35610	0.7391
35620	0.7391
35630	0.7404
35640	0.7404
35650	0.7404
35660	0.7410
35670	0.7410
35680	0.7397
35690	0.7397
35700	0.7391
35710	0.7410
35720	0.7397
35730	0.7397
35740	0.7397
35750	0.7397
35760	0.7410
35770	0.7397
35780	0.7422
35790	0.7410
35800	0.7404
35810	0.7404
35820	0.7404
35830	0.7404
35840	0.7410
35850	0.7410
35860	0.7410
35870	0.7397
35880	0.7422
35890	0.7422
35900	0.7404
35910	0.7422
35920	0.7410
35930	0.7422
35940	0.7428
35950	0.7416
35960	0.7428
35970	0.7410
35980	0.7422
35990	0.7410
36000	0.7422
